P0,1,-1,0
P0,0,-1,1
P0,0,1,0
P0,0,0,1
P1,0,1,0
P1,1,0,-1
P1,0,1,0
P1,0,0,1
P2,0,1,0
P2,1,0,0
P2,-1,-1,0
P2,0,0,0
P3,0,-1,0
P3,-1,0,1
P3,0,1,1
P3,0,0,1
P4,1,0,-1
P4,0,0,1
P4,1,0,1
P4,0,0,1
P5,0,1,0
P5,-1,1,0
P5,-1,0,0
P5,0,0,1
P6,0,-1,0
P6,1,0,0
P6,1,0,-1
P6,0,0,1
P7,0,0,1
P7,0,-1,0
P7,-1,1,0
P7,0,0,1
P8,0,1,0
P8,-1,1,0
P8,0,0,-1
P8,0,0,1
P9,0,0,-1
P9,-1,-1,0
P9,1,0,0
P9,0,0,1
P10,1,0,1
P10,0,1,1
P10,0,0,-1
P10,0,0,1
P11,0,0,-1
P11,0,-1,-1
P11,-1,0,0
P11,0,0,1
P12,-1,0,0
P12,-1,0,0
P12,1,0,0
P12,0,0,0
P13,0,0,1
P13,0,1,1
P13,0,0,-1
P13,0,0,0
P14,-1,1,1
P14,-1,0,-1
P14,0,1,0
P14,0,0,1
P15,-1,-1,0
P15,-1,0,-1
P15,-1,0,1
P15,0,0,1
P16,0,-1,0
P16,1,0,-1
P16,-1,-1,0
P16,0,0,1
P17,1,1,0
P17,0,1,1
P17,0,0,1
P17,0,0,1
P18,1,-1,0
P18,0,1,1
P18,0,0,-1
P18,0,0,1
P19,-1,-1,-1
P19,0,0,1
P19,1,-1,0
P19,0,0,1
P20,-1,0,1
P20,-1,-1,-1
P20,1,0,1
P20,0,0,1
P21,0,-1,0
P21,0,1,1
P21,0,0,1
P21,0,0,1
P22,0,0,-1
P22,1,0,0
P22,0,1,-1
P22,0,0,1
P23,-1,-1,0
P23,1,0,-1
P23,-1,0,0
P23,0,0,1
P24,0,1,-1
P24,1,1,0
P24,-1,0,-1
P24,0,0,1
P25,0,1,-1
P25,0,1,1
P25,1,0,1
P25,0,0,1
P26,0,0,-1
P26,-1,-1,-1
P26,0,0,-1
P26,0,0,1
P27,0,-1,1
P27,1,0,0
P27,-1,0,0
P27,0,0,1
P28,-1,1,0
P28,1,0,0
P28,0,-1,1
P28,0,0,1
P29,1,0,0
P29,0,0,-1
P29,0,0,-1
P29,0,0,1
P30,1,0,0
P30,0,1,0
P30,0,1,1
P30,0,0,1
P31,-1,0,-1
P31,0,-1,-1
P31,0,-1,0
P31,0,0,1
P32,1,0,1
P32,1,0,0
P32,0,1,0
P32,0,0,1
P33,0,-1,0
P33,1,-1,0
P33,1,-1,0
P33,0,0,1
P34,-1,-1,0
P34,1,-1,0
P34,-1,0,0
P34,0,0,1
P35,0,-1,1
P35,0,1,0
P35,0,-1,0
P35,0,0,1
P36,0,0,-1
P36,0,0,1
P36,0,1,0
P36,0,0,0
P37,1,0,1
P37,-1,0,1
P37,0,0,1
P37,0,0,1
P38,0,-1,1
P38,1,1,1
P38,0,1,0
P38,0,0,1
P39,1,0,0
P39,1,0,0
P39,1,0,0
P39,0,0,1
P40,-1,0,0
P40,0,1,0
P40,1,-1,0
P40,0,0,0
P41,0,0,-1
P41,0,1,0
P41,1,-1,0
P41,0,0,1
P42,1,1,0
P42,1,0,0
P42,0,-1,0
P42,0,0,1
P43,0,1,0
P43,1,-1,-1
P43,0,0,1
P43,0,0,1
P44,-1,0,0
P44,-1,-1,0
P44,-1,-1,1
P44,0,0,1
P45,-1,0,0
P45,0,0,1
P45,-1,0,1
P45,0,0,1
P46,0,0,1
P46,1,0,0
P46,0,-1,1
P46,0,0,1
P47,1,1,0
P47,0,0,-1
P47,1,-1,0
P47,0,0,1
P48,1,0,0
P48,0,1,0
P48,1,0,0
P48,0,0,1
P49,1,0,0
P49,0,-1,1
P49,0,-1,-1
P49,0,0,1
P50,0,1,-1
P50,-1,0,0
P50,0,1,-1
P50,0,0,1
P51,-1,0,0
P51,-1,0,0
P51,1,-1,0
P51,0,0,1
P52,1,0,0
P52,1,0,0
P52,0,0,-1
P52,0,0,1
P53,0,0,-1
P53,0,1,0
P53,1,0,0
P53,0,0,1
P54,0,1,0
P54,0,1,1
P54,1,1,-1
P54,0,0,1
P55,1,1,0
P55,0,0,1
P55,1,-1,0
P55,0,0,1
P56,1,0,0
P56,1,-1,0
P56,1,1,0
P56,0,0,1
P57,0,0,-1
P57,1,0,0
P57,0,1,1
P57,0,0,1
P58,1,0,-1
P58,-1,-1,0
P58,-1,-1,0
P58,0,0,1
P59,1,0,-1
P59,1,1,0
P59,-1,0,-1
P59,0,0,1
P60,0,1,1
P60,0,-1,0
P60,0,1,0
P60,0,0,1
P61,1,0,0
P61,0,1,-1
P61,0,0,1
P61,0,0,1
P62,1,-1,0
P62,0,1,0
P62,0,0,1
P62,0,0,1
P63,0,0,1
P63,-1,0,0
P63,0,-1,0
P63,0,0,1
P64,1,1,0
P64,1,0,1
P64,1,0,0
P64,0,0,1
P65,0,-1,0
P65,1,0,-1
P65,0,0,1
P65,0,0,1
P66,-1,0,0
P66,0,-1,0
P66,0,1,0
P66,0,0,0
P67,0,-1,1
P67,1,0,1
P67,1,1,-1
P67,0,0,1
P68,1,0,0
P68,0,0,-1
P68,0,1,1
P68,0,0,1
P69,-1,1,-1
P69,0,-1,1
P69,1,1,0
P69,0,0,1
P70,1,0,0
P70,0,1,-1
P70,0,0,1
P70,0,0,1
P71,0,1,-1
P71,-1,0,0
P71,1,1,0
P71,0,0,1
P72,1,0,1
P72,0,0,-1
P72,0,0,1
P72,0,0,1
P73,0,-1,0
P73,1,0,1
P73,1,-1,0
P73,0,0,1
P74,1,0,-1
P74,0,1,-1
P74,0,0,1
P74,0,0,1
P75,-1,-1,0
P75,-1,1,1
P75,1,0,1
P75,0,0,1
P76,-1,1,0
P76,-1,-1,0
P76,1,0,1
P76,0,0,1
P77,1,-1,0
P77,0,-1,1
P77,0,0,-1
P77,0,0,1
P78,1,0,1
P78,1,0,0
P78,1,0,-1
P78,0,0,1
P79,1,1,0
P79,-1,0,0
P79,0,1,-1
P79,0,0,1
P80,0,1,1
P80,-1,1,0
P80,-1,0,0
P80,0,0,1
P81,0,-1,0
P81,1,0,-1
P81,1,0,-1
P81,0,0,1
P82,-1,0,1
P82,1,0,-1
P82,1,0,1
P82,0,0,1
P83,0,0,-1
P83,0,-1,0
P83,-1,0,-1
P83,0,0,1
P84,0,1,0
P84,-1,1,0
P84,0,0,-1
P84,0,0,1
P85,1,0,1
P85,0,-1,0
P85,1,0,1
P85,0,0,1
P86,1,-1,0
P86,0,1,1
P86,0,1,1
P86,0,0,1
P87,1,0,-1
P87,0,-1,-1
P87,0,-1,-1
P87,0,0,1
P88,1,0,0
P88,0,0,1
P88,0,1,0
P88,0,0,1
P89,0,-1,0
P89,0,1,1
P89,1,1,0
P89,0,0,1
P90,0,1,1
P90,0,0,-1
P90,0,1,-1
P90,0,0,1
P91,0,0,-1
P91,-1,-1,-1
P91,1,1,0
P91,0,0,1
P92,0,0,-1
P92,-1,0,-1
P92,0,0,1
P92,0,0,0
P93,0,-1,0
P93,1,0,1
P93,0,1,1
P93,0,0,1
P94,1,0,0
P94,0,0,-1
P94,1,-1,0
P94,0,0,1
P95,0,-1,-1
P95,0,1,0
P95,0,-1,0
P95,0,0,1
P96,-1,0,1
P96,0,1,1
P96,0,-1,0
P96,0,0,1
P97,0,-1,0
P97,-1,1,-1
P97,0,-1,1
P97,0,0,1
P98,1,0,0
P98,0,-1,0
P98,-1,1,1
P98,0,0,1
P99,0,1,0
P99,0,0,-1
P99,0,-1,0
P99,0,0,0
