P0,0,0,1,0
P0,0,-1,1,0
P0,-1,0,0,-1
P0,0,0,1,0
P0,0,0,0,1
P1,0,1,0,1
P1,-1,1,0,-1
P1,0,0,0,-1
P1,-1,1,0,1
P1,0,0,0,1
P2,0,0,0,-1
P2,1,0,0,0
P2,0,1,0,0
P2,1,0,0,0
P2,0,0,0,1
P3,1,0,1,0
P3,1,0,0,1
P3,1,1,0,1
P3,0,1,-1,0
P3,0,0,0,1
P4,1,0,-1,-1
P4,0,-1,0,-1
P4,-1,0,-1,-1
P4,1,0,1,0
P4,0,0,0,1
P5,0,1,1,0
P5,0,1,0,0
P5,-1,1,1,0
P5,1,0,0,0
P5,0,0,0,1
P6,0,-1,0,0
P6,1,0,-1,0
P6,0,0,0,-1
P6,-1,0,1,1
P6,0,0,0,1
P7,-1,-1,0,1
P7,0,0,1,0
P7,-1,0,0,1
P7,0,0,-1,0
P7,0,0,0,0
P8,0,-1,1,0
P8,-1,1,0,0
P8,-1,0,1,0
P8,-1,0,1,0
P8,0,0,0,1
P9,0,1,0,1
P9,1,0,-1,0
P9,0,1,1,1
P9,0,1,1,0
P9,0,0,0,1
P10,1,0,0,1
P10,-1,0,-1,-1
P10,0,0,1,1
P10,0,0,1,1
P10,0,0,0,1
P11,0,1,1,1
P11,-1,0,1,0
P11,-1,0,1,0
P11,1,1,1,0
P11,0,0,0,1
P12,0,0,1,-1
P12,0,1,0,1
P12,1,0,1,0
P12,0,0,0,-1
P12,0,0,0,1
P13,0,1,0,0
P13,0,-1,1,1
P13,1,-1,0,0
P13,0,1,1,0
P13,0,0,0,1
P14,0,0,1,0
P14,-1,-1,-1,-1
P14,0,1,0,0
P14,0,-1,-1,0
P14,0,0,0,1
P15,0,1,0,0
P15,0,0,0,1
P15,1,0,0,0
P15,0,0,-1,0
P15,0,0,0,1
P16,1,0,1,0
P16,0,-1,-1,1
P16,0,0,0,-1
P16,1,1,-1,-1
P16,0,0,0,1
P17,0,1,0,1
P17,1,-1,0,0
P17,-1,-1,-1,0
P17,0,0,0,1
P17,0,0,0,1
P18,1,1,0,0
P18,0,1,1,0
P18,-1,0,0,0
P18,0,1,1,0
P18,0,0,0,1
P19,0,0,1,0
P19,-1,0,1,0
P19,-1,1,1,0
P19,-1,-1,-1,-1
P19,0,0,0,1
P20,0,1,0,0
P20,0,-1,-1,0
P20,-1,-1,0,1
P20,-1,0,1,1
P20,0,0,0,1
P21,0,0,1,0
P21,0,0,0,-1
P21,0,-1,1,1
P21,1,-1,-1,0
P21,0,0,0,1
P22,0,0,0,-1
P22,1,1,0,0
P22,1,0,0,0
P22,-1,0,0,0
P22,0,0,0,0
P23,0,-1,0,-1
P23,1,-1,0,1
P23,0,0,0,1
P23,-1,1,1,-1
P23,0,0,0,1
P24,1,0,0,0
P24,-1,1,1,1
P24,0,1,0,0
P24,-1,-1,1,0
P24,0,0,0,1
P25,0,0,1,0
P25,0,0,0,-1
P25,1,0,0,0
P25,0,-1,-1,0
P25,0,0,0,1
P26,0,-1,-1,1
P26,-1,1,0,0
P26,1,0,-1,0
P26,0,0,1,0
P26,0,0,0,1
P27,0,-1,1,0
P27,-1,0,0,0
P27,0,1,-1,1
P27,1,0,1,1
P27,0,0,0,1
P28,0,0,1,0
P28,1,-1,0,1
P28,0,0,0,1
P28,-1,-1,-1,1
P28,0,0,0,1
P29,0,-1,0,1
P29,-1,0,1,1
P29,0,-1,-1,0
P29,1,0,0,0
P29,0,0,0,1
P30,1,0,0,0
P30,-1,1,1,0
P30,1,1,0,0
P30,0,0,1,0
P30,0,0,0,1
P31,1,1,0,0
P31,1,0,0,1
P31,0,1,1,1
P31,1,0,0,1
P31,0,0,0,1
P32,1,1,0,-1
P32,1,0,0,0
P32,1,0,-1,-1
P32,0,1,1,1
P32,0,0,0,1
P33,0,1,1,1
P33,0,-1,-1,0
P33,0,1,0,0
P33,1,0,0,0
P33,0,0,0,1
P34,0,-1,-1,1
P34,0,0,0,-1
P34,0,0,0,1
P34,1,1,0,0
P34,0,0,0,0
P35,0,-1,0,1
P35,1,-1,0,1
P35,-1,0,-1,0
P35,-1,-1,0,0
P35,0,0,0,1
P36,0,1,0,0
P36,0,0,1,1
P36,1,1,0,0
P36,1,1,0,-1
P36,0,0,0,1
P37,0,-1,1,0
P37,1,1,0,1
P37,1,0,0,0
P37,0,-1,0,0
P37,0,0,0,1
P38,1,0,0,-1
P38,-1,0,1,0
P38,0,0,-1,-1
P38,-1,1,0,-1
P38,0,0,0,1
P39,1,0,1,0
P39,0,0,-1,0
P39,0,1,0,1
P39,1,0,1,1
P39,0,0,0,1
P40,0,1,0,0
P40,1,0,0,0
P40,0,0,1,1
P40,1,-1,0,-1
P40,0,0,0,1
P41,0,-1,0,0
P41,1,1,0,0
P41,1,-1,-1,1
P41,0,0,0,1
P41,0,0,0,1
P42,1,1,1,0
P42,1,-1,0,0
P42,-1,0,1,0
P42,1,1,1,0
P42,0,0,0,1
P43,0,0,-1,0
P43,1,0,0,0
P43,0,1,0,1
P43,0,-1,0,0
P43,0,0,0,1
P44,1,0,1,1
P44,0,-1,0,0
P44,0,0,-1,0
P44,1,0,1,0
P44,0,0,0,1
P45,0,1,0,-1
P45,0,0,0,-1
P45,0,1,0,-1
P45,1,-1,0,0
P45,0,0,0,1
P46,-1,0,0,0
P46,1,1,-1,0
P46,1,1,-1,0
P46,1,-1,0,0
P46,0,0,0,1
P47,-1,1,0,0
P47,0,0,1,1
P47,1,0,0,0
P47,0,0,0,1
P47,0,0,0,1
P48,0,0,0,1
P48,0,0,1,0
P48,0,1,0,1
P48,1,0,1,0
P48,0,0,0,1
P49,0,1,-1,0
P49,0,-1,0,0
P49,1,0,-1,0
P49,0,-1,1,0
P49,0,0,0,1
P50,0,0,0,-1
P50,1,0,0,0
P50,1,0,0,0
P50,0,0,0,1
P50,0,0,0,0
P51,0,1,0,-1
P51,0,1,0,0
P51,0,0,1,0
P51,-1,0,-1,1
P51,0,0,0,1
P52,-1,1,0,1
P52,0,0,-1,1
P52,0,-1,0,0
P52,0,0,1,1
P52,0,0,0,1
P53,0,-1,0,0
P53,0,-1,0,-1
P53,-1,0,-1,-1
P53,0,-1,1,0
P53,0,0,0,1
P54,-1,-1,-1,0
P54,0,0,-1,0
P54,1,0,1,-1
P54,0,1,-1,0
P54,0,0,0,1
P55,0,0,0,1
P55,1,1,1,0
P55,-1,0,1,0
P55,0,1,1,1
P55,0,0,0,1
P56,0,0,1,-1
P56,0,0,0,1
P56,0,0,1,-1
P56,0,0,1,0
P56,0,0,0,1
P57,0,-1,0,0
P57,-1,0,1,0
P57,0,0,0,-1
P57,-1,0,1,0
P57,0,0,0,1
P58,0,1,0,-1
P58,-1,0,1,-1
P58,1,-1,0,0
P58,0,0,-1,0
P58,0,0,0,1
P59,0,0,0,-1
P59,1,0,0,1
P59,0,1,0,1
P59,0,0,-1,0
P59,0,0,0,1
P60,0,1,0,0
P60,0,0,0,1
P60,0,1,1,1
P60,0,1,-1,1
P60,0,0,0,1
P61,1,0,0,0
P61,1,-1,-1,-1
P61,0,0,0,1
P61,0,0,0,1
P61,0,0,0,1
P62,0,0,0,-1
P62,-1,1,0,0
P62,0,1,0,0
P62,0,1,0,0
P62,0,0,0,1
P63,-1,0,0,0
P63,0,-1,0,1
P63,-1,0,0,1
P63,0,1,0,0
P63,0,0,0,1
P64,0,-1,0,-1
P64,0,1,0,1
P64,1,0,1,0
P64,0,0,1,0
P64,0,0,0,1
P65,1,0,0,0
P65,-1,-1,-1,0
P65,1,0,1,-1
P65,-1,1,-1,-1
P65,0,0,0,1
P66,0,-1,0,1
P66,0,0,1,-1
P66,-1,1,0,1
P66,-1,0,0,0
P66,0,0,0,1
P67,0,0,-1,0
P67,0,0,0,-1
P67,-1,0,0,1
P67,1,-1,1,-1
P67,0,0,0,1
P68,0,-1,0,0
P68,1,0,-1,0
P68,-1,0,0,1
P68,0,1,0,0
P68,0,0,0,0
P69,0,0,0,-1
P69,0,1,1,0
P69,1,1,1,0
P69,1,1,0,-1
P69,0,0,0,1
P70,0,1,1,0
P70,0,1,0,0
P70,-1,1,0,0
P70,0,0,1,1
P70,0,0,0,1
P71,0,1,0,1
P71,0,1,1,0
P71,1,1,0,0
P71,1,-1,0,0
P71,0,0,0,1
P72,-1,0,-1,-1
P72,0,0,0,-1
P72,1,-1,0,1
P72,-1,0,0,0
P72,0,0,0,1
P73,0,0,1,0
P73,0,0,1,0
P73,0,0,1,-1
P73,1,0,1,0
P73,0,0,0,1
P74,0,0,-1,-1
P74,1,0,0,0
P74,1,-1,0,-1
P74,0,1,1,-1
P74,0,0,0,1
P75,-1,0,0,0
P75,1,-1,0,-1
P75,0,0,-1,0
P75,-1,1,0,0
P75,0,0,0,1
P76,0,0,0,-1
P76,0,0,0,1
P76,-1,0,0,1
P76,0,1,0,0
P76,0,0,0,1
P77,0,0,0,-1
P77,1,1,1,-1
P77,-1,0,1,0
P77,1,0,0,1
P77,0,0,0,1
P78,0,0,-1,1
P78,0,1,1,1
P78,0,-1,0,0
P78,0,-1,0,-1
P78,0,0,0,1
P79,1,1,0,-1
P79,1,0,0,0
P79,-1,1,0,1
P79,1,0,1,0
P79,0,0,0,1
P80,0,0,0,1
P80,0,-1,-1,-1
P80,1,0,0,-1
P80,0,0,1,0
P80,0,0,0,1
P81,-1,1,1,0
P81,0,0,1,0
P81,0,0,1,0
P81,0,-1,-1,-1
P81,0,0,0,1
P82,0,0,-1,-1
P82,1,0,1,1
P82,0,-1,-1,-1
P82,0,-1,1,0
P82,0,0,0,1
P83,1,0,0,1
P83,1,0,0,1
P83,-1,0,1,0
P83,1,1,-1,-1
P83,0,0,0,1
P84,1,-1,1,-1
P84,0,0,1,0
P84,1,1,0,-1
P84,-1,0,0,1
P84,0,0,0,1
P85,0,-1,0,1
P85,1,0,-1,1
P85,1,1,-1,1
P85,0,1,0,-1
P85,0,0,0,1
P86,0,0,-1,0
P86,0,0,-1,0
P86,0,1,1,1
P86,1,0,0,0
P86,0,0,0,1
P87,-1,1,0,0
P87,0,0,0,1
P87,0,0,0,1
P87,-1,0,0,-1
P87,0,0,0,1
P88,-1,1,0,0
P88,0,-1,0,-1
P88,0,1,1,-1
P88,1,0,0,0
P88,0,0,0,1
P89,-1,-1,0,1
P89,0,1,0,-1
P89,0,0,1,1
P89,0,-1,1,1
P89,0,0,0,1
P90,0,1,1,0
P90,0,1,1,-1
P90,-1,-1,0,1
P90,1,0,0,0
P90,0,0,0,1
P91,0,1,0,1
P91,-1,0,0,0
P91,1,0,1,0
P91,0,-1,0,1
P91,0,0,0,1
P92,0,0,-1,0
P92,1,1,0,0
P92,0,1,0,0
P92,1,1,-1,-1
P92,0,0,0,1
P93,0,1,0,0
P93,0,0,0,1
P93,0,1,1,0
P93,1,1,0,0
P93,0,0,0,1
P94,-1,0,1,1
P94,0,0,0,-1
P94,1,1,0,0
P94,0,1,0,0
P94,0,0,0,1
P95,0,0,1,0
P95,0,1,0,-1
P95,0,0,0,-1
P95,0,-1,0,0
P95,0,0,0,1
P96,-1,0,0,0
P96,0,0,1,0
P96,-1,0,1,0
P96,0,-1,1,0
P96,0,0,0,1
P97,0,0,0,1
P97,0,-1,0,1
P97,0,-1,-1,0
P97,0,0,-1,0
P97,0,0,0,1
P98,0,0,0,1
P98,0,0,0,1
P98,0,-1,-1,-1
P98,0,0,-1,0
P98,0,0,0,1
P99,-1,0,-1,-1
P99,1,0,0,-1
P99,1,1,-1,0
P99,0,-1,0,-1
P99,0,0,0,1
P100,1,0,1,0
P100,1,0,-1,0
P100,0,0,1,0
P100,0,1,-1,-1
P100,0,0,0,1
P101,0,1,1,0
P101,-1,0,0,1
P101,1,-1,0,1
P101,0,-1,-1,-1
P101,0,0,0,1
P102,1,0,1,1
P102,1,0,-1,1
P102,1,1,-1,0
P102,1,0,0,1
P102,0,0,0,1
P103,0,-1,1,-1
P103,0,-1,-1,0
P103,1,-1,0,1
P103,0,0,0,1
P103,0,0,0,1
P104,1,0,-1,1
P104,0,0,1,0
P104,1,-1,0,1
P104,-1,-1,1,-1
P104,0,0,0,1
P105,1,0,1,0
P105,1,1,0,1
P105,0,0,0,-1
P105,-1,0,-1,-1
P105,0,0,0,1
P106,-1,0,0,1
P106,0,0,1,0
P106,-1,1,0,0
P106,-1,0,0,0
P106,0,0,0,1
P107,0,1,-1,0
P107,-1,0,0,0
P107,0,1,0,0
P107,-1,0,1,1
P107,0,0,0,1
P108,-1,0,1,1
P108,1,0,1,0
P108,0,0,-1,1
P108,1,0,1,-1
P108,0,0,0,1
P109,1,0,1,0
P109,1,0,1,-1
P109,1,-1,0,1
P109,0,0,0,1
P109,0,0,0,1
P110,1,-1,0,-1
P110,0,-1,0,-1
P110,0,1,-1,0
P110,1,0,-1,0
P110,0,0,0,1
P111,1,1,0,0
P111,0,0,0,-1
P111,0,0,-1,1
P111,0,0,1,0
P111,0,0,0,0
P112,-1,0,1,0
P112,0,1,1,0
P112,0,0,0,-1
P112,-1,1,0,1
P112,0,0,0,1
P113,0,1,0,1
P113,0,-1,1,0
P113,0,0,-1,1
P113,0,0,1,-1
P113,0,0,0,1
P114,0,0,0,-1
P114,0,0,-1,0
P114,-1,0,1,1
P114,0,1,0,0
P114,0,0,0,1
P115,1,0,0,0
P115,-1,0,0,-1
P115,1,0,0,-1
P115,0,0,0,-1
P115,0,0,0,1
P116,0,1,-1,1
P116,0,0,1,0
P116,-1,0,0,0
P116,0,0,-1,-1
P116,0,0,0,1
P117,0,0,0,1
P117,0,0,-1,0
P117,0,-1,0,0
P117,0,1,0,0
P117,0,0,0,0
P118,0,0,1,0
P118,1,1,0,0
P118,0,-1,-1,1
P118,-1,0,-1,0
P118,0,0,0,1
P119,0,-1,0,-1
P119,1,0,-1,1
P119,0,1,0,-1
P119,1,0,0,0
P119,0,0,0,1
P120,0,0,-1,0
P120,-1,0,0,0
P120,0,-1,0,0
P120,1,-1,0,1
P120,0,0,0,1
P121,1,0,0,0
P121,1,0,-1,0
P121,-1,0,0,-1
P121,-1,0,1,-1
P121,0,0,0,1
P122,0,0,1,1
P122,0,-1,-1,1
P122,0,0,0,-1
P122,0,-1,0,1
P122,0,0,0,1
P123,1,0,0,-1
P123,0,-1,-1,-1
P123,1,0,0,0
P123,-1,1,-1,1
P123,0,0,0,1
P124,-1,0,-1,1
P124,0,-1,1,0
P124,-1,1,1,0
P124,1,0,-1,0
P124,0,0,0,1
P125,0,-1,0,0
P125,0,-1,0,1
P125,0,0,-1,0
P125,0,1,0,0
P125,0,0,0,0
P126,1,0,0,1
P126,0,1,0,0
P126,1,-1,0,0
P126,1,0,1,0
P126,0,0,0,1
P127,-1,-1,0,0
P127,-1,0,0,0
P127,1,1,0,0
P127,1,0,-1,0
P127,0,0,0,1
P128,0,-1,1,-1
P128,0,-1,-1,0
P128,0,-1,0,-1
P128,1,0,0,0
P128,0,0,0,1
P129,0,0,-1,1
P129,0,-1,-1,1
P129,-1,0,0,0
P129,0,-1,0,0
P129,0,0,0,1
P130,1,-1,1,0
P130,0,1,0,1
P130,0,-1,0,-1
P130,1,0,-1,1
P130,0,0,0,1
P131,1,1,0,0
P131,-1,1,0,1
P131,0,-1,-1,0
P131,0,1,1,0
P131,0,0,0,1
P132,1,0,1,0
P132,0,-1,0,0
P132,1,-1,0,1
P132,0,-1,0,-1
P132,0,0,0,1
P133,0,0,0,-1
P133,0,0,1,0
P133,0,0,1,1
P133,1,-1,1,-1
P133,0,0,0,1
P134,0,0,1,0
P134,0,0,1,0
P134,1,-1,0,1
P134,1,1,0,0
P134,0,0,0,1
P135,1,0,1,0
P135,0,0,1,-1
P135,0,1,0,1
P135,0,1,0,1
P135,0,0,0,1
P136,-1,0,-1,0
P136,0,0,-1,0
P136,0,0,-1,0
P136,0,1,0,0
P136,0,0,0,1
P137,1,0,0,-1
P137,-1,0,-1,-1
P137,0,1,1,0
P137,0,1,-1,-1
P137,0,0,0,1
P138,0,0,0,-1
P138,-1,1,0,-1
P138,1,0,-1,0
P138,1,0,0,0
P138,0,0,0,1
P139,0,1,-1,0
P139,0,-1,0,1
P139,1,0,0,0
P139,0,0,-1,-1
P139,0,0,0,1
P140,0,0,-1,1
P140,0,0,0,1
P140,0,-1,0,1
P140,1,0,-1,1
P140,0,0,0,1
P141,0,-1,0,0
P141,0,-1,0,1
P141,0,0,-1,0
P141,0,0,1,1
P141,0,0,0,1
P142,1,0,0,0
P142,1,1,1,-1
P142,1,0,0,0
P142,0,0,1,0
P142,0,0,0,1
P143,-1,0,-1,0
P143,0,1,0,0
P143,-1,0,0,0
P143,0,1,-1,0
P143,0,0,0,1
P144,-1,0,-1,-1
P144,1,1,0,1
P144,1,0,0,1
P144,0,0,1,0
P144,0,0,0,1
P145,0,0,0,1
P145,0,0,1,1
P145,0,0,0,-1
P145,0,0,0,1
P145,0,0,0,0
P146,0,1,0,0
P146,-1,0,-1,1
P146,0,0,1,-1
P146,0,1,0,-1
P146,0,0,0,1
P147,0,-1,0,0
P147,0,0,1,0
P147,0,-1,0,0
P147,0,0,1,0
P147,0,0,0,1
P148,0,-1,-1,1
P148,0,0,1,0
P148,-1,0,0,0
P148,-1,1,-1,-1
P148,0,0,0,1
P149,0,1,0,1
P149,0,-1,0,0
P149,0,0,-1,1
P149,0,0,0,-1
P149,0,0,0,1
P150,1,1,0,0
P150,-1,1,1,0
P150,0,0,0,-1
P150,1,0,0,0
P150,0,0,0,1
P151,0,1,0,-1
P151,0,1,0,-1
P151,1,0,0,1
P151,1,0,0,1
P151,0,0,0,1
P152,1,0,-1,1
P152,1,0,0,1
P152,-1,-1,0,-1
P152,-1,0,0,1
P152,0,0,0,1
P153,1,0,-1,0
P153,0,1,-1,0
P153,1,1,0,0
P153,0,1,0,-1
P153,0,0,0,1
P154,1,0,0,0
P154,0,1,0,0
P154,0,0,-1,0
P154,0,1,1,0
P154,0,0,0,1
P155,0,1,-1,1
P155,0,0,0,1
P155,-1,0,1,0
P155,1,0,0,0
P155,0,0,0,1
P156,1,0,1,0
P156,0,-1,0,-1
P156,0,0,-1,0
P156,1,0,0,1
P156,0,0,0,1
P157,-1,0,-1,1
P157,1,1,-1,0
P157,0,1,-1,-1
P157,0,0,0,-1
P157,0,0,0,1
P158,0,1,0,1
P158,1,0,0,-1
P158,0,0,0,-1
P158,0,0,0,1
P158,0,0,0,1
P159,0,0,-1,0
P159,0,-1,0,0
P159,0,0,1,0
P159,0,-1,0,-1
P159,0,0,0,1
P160,-1,0,0,0
P160,1,0,1,0
P160,0,0,0,-1
P160,0,1,0,0
P160,0,0,0,1
P161,0,1,0,0
P161,-1,0,0,-1
P161,-1,1,0,0
P161,0,-1,1,0
P161,0,0,0,1
P162,0,0,1,0
P162,-1,0,-1,0
P162,0,1,0,-1
P162,1,0,0,-1
P162,0,0,0,1
P163,-1,0,0,1
P163,0,0,0,-1
P163,1,-1,1,0
P163,1,-1,1,0
P163,0,0,0,1
P164,0,1,0,1
P164,0,1,-1,0
P164,-1,1,0,0
P164,1,0,0,1
P164,0,0,0,1
P165,0,1,1,0
P165,0,-1,0,0
P165,1,0,0,1
P165,0,1,-1,0
P165,0,0,0,0
P166,0,0,-1,0
P166,0,1,0,0
P166,-1,0,-1,1
P166,0,1,0,0
P166,0,0,0,1
P167,1,1,1,0
P167,-1,-1,-1,1
P167,-1,-1,-1,0
P167,0,0,-1,1
P167,0,0,0,1
P168,0,0,0,-1
P168,-1,-1,1,-1
P168,0,1,0,1
P168,0,-1,0,0
P168,0,0,0,0
P169,-1,0,1,-1
P169,0,0,-1,0
P169,0,0,0,1
P169,-1,-1,1,-1
P169,0,0,0,1
P170,0,1,-1,0
P170,0,0,0,1
P170,1,0,0,1
P170,-1,0,1,1
P170,0,0,0,1
P171,0,1,0,-1
P171,0,-1,-1,-1
P171,0,0,-1,0
P171,0,0,0,1
P171,0,0,0,1
P172,0,-1,-1,-1
P172,0,0,0,1
P172,0,1,0,1
P172,0,-1,0,1
P172,0,0,0,1
P173,1,0,0,0
P173,0,-1,-1,0
P173,1,1,0,1
P173,1,1,0,-1
P173,0,0,0,1
P174,-1,1,0,0
P174,1,0,1,0
P174,1,0,0,0
P174,1,0,1,0
P174,0,0,0,1
P175,1,0,0,0
P175,0,0,-1,-1
P175,1,0,0,0
P175,0,-1,0,1
P175,0,0,0,1
P176,0,-1,0,1
P176,-1,-1,0,-1
P176,1,1,0,1
P176,0,-1,0,0
P176,0,0,0,1
P177,0,0,-1,-1
P177,0,-1,0,1
P177,1,-1,0,0
P177,0,1,0,0
P177,0,0,0,1
P178,-1,0,1,0
P178,0,1,0,-1
P178,0,0,0,-1
P178,0,1,0,0
P178,0,0,0,1
P179,1,0,-1,-1
P179,-1,-1,-1,-1
P179,0,0,0,1
P179,-1,0,0,1
P179,0,0,0,1
P180,-1,0,1,-1
P180,0,0,1,1
P180,1,1,0,0
P180,0,-1,-1,-1
P180,0,0,0,1
P181,1,0,-1,1
P181,-1,0,1,1
P181,-1,0,1,0
P181,1,-1,0,0
P181,0,0,0,1
P182,0,1,-1,0
P182,0,1,0,0
P182,1,0,-1,0
P182,0,1,1,0
P182,0,0,0,1
P183,1,0,1,0
P183,-1,0,1,-1
P183,1,1,1,0
P183,0,1,-1,0
P183,0,0,0,1
P184,1,0,0,-1
P184,0,-1,1,0
P184,0,1,0,1
P184,-1,-1,0,0
P184,0,0,0,1
P185,0,-1,0,0
P185,-1,1,1,0
P185,0,0,1,0
P185,0,1,1,0
P185,0,0,0,1
P186,0,1,0,0
P186,0,1,-1,1
P186,1,0,0,-1
P186,0,0,1,0
P186,0,0,0,1
P187,0,1,-1,0
P187,0,0,0,1
P187,0,0,1,-1
P187,1,0,0,0
P187,0,0,0,1
P188,0,1,-1,0
P188,0,1,0,-1
P188,0,1,1,1
P188,0,1,-1,0
P188,0,0,0,1
P189,1,-1,-1,0
P189,0,1,0,1
P189,-1,-1,-1,1
P189,1,1,0,-1
P189,0,0,0,1
P190,1,0,1,0
P190,1,0,1,-1
P190,0,-1,0,0
P190,0,1,1,0
P190,0,0,0,1
P191,0,-1,0,0
P191,0,0,0,-1
P191,0,1,0,0
P191,0,-1,0,1
P191,0,0,0,0
P192,0,1,0,0
P192,0,1,0,0
P192,0,1,0,1
P192,-1,0,1,0
P192,0,0,0,1
P193,1,0,1,0
P193,0,1,0,0
P193,-1,-1,0,0
P193,0,1,-1,0
P193,0,0,0,1
P194,0,1,0,0
P194,1,1,0,-1
P194,1,-1,0,0
P194,-1,1,0,0
P194,0,0,0,1
P195,1,-1,0,1
P195,0,0,0,-1
P195,0,0,0,-1
P195,1,1,0,0
P195,0,0,0,1
P196,-1,1,0,0
P196,-1,0,0,0
P196,1,0,0,-1
P196,0,-1,1,0
P196,0,0,0,1
P197,0,0,1,0
P197,0,0,0,-1
P197,0,1,0,0
P197,0,-1,0,-1
P197,0,0,0,1
P198,0,-1,1,0
P198,0,-1,0,1
P198,0,1,0,0
P198,-1,-1,0,0
P198,0,0,0,1
P199,1,-1,-1,0
P199,0,1,0,0
P199,1,1,0,0
P199,1,0,0,-1
P199,0,0,0,1
P200,-1,0,-1,1
P200,0,1,-1,0
P200,0,1,1,0
P200,-1,1,-1,0
P200,0,0,0,1
P201,0,0,0,1
P201,0,0,1,-1
P201,-1,1,1,1
P201,0,1,0,0
P201,0,0,0,1
P202,-1,0,1,0
P202,0,-1,1,-1
P202,1,0,-1,1
P202,0,-1,0,1
P202,0,0,0,1
P203,1,-1,1,0
P203,-1,0,0,1
P203,1,0,0,0
P203,0,0,0,1
P203,0,0,0,1
P204,1,0,1,0
P204,-1,0,1,0
P204,1,-1,0,-1
P204,1,0,0,0
P204,0,0,0,1
P205,0,0,-1,0
P205,1,-1,0,1
P205,1,0,0,0
P205,0,-1,0,0
P205,0,0,0,1
P206,-1,0,0,-1
P206,-1,0,0,1
P206,0,-1,0,0
P206,1,1,0,-1
P206,0,0,0,1
P207,0,1,0,1
P207,0,-1,0,0
P207,1,-1,-1,0
P207,0,1,0,0
P207,0,0,0,0
P208,0,-1,0,0
P208,-1,0,1,-1
P208,-1,1,0,0
P208,0,1,0,1
P208,0,0,0,1
P209,0,0,-1,1
P209,1,1,0,0
P209,0,1,0,0
P209,-1,-1,-1,0
P209,0,0,0,1
P210,1,1,0,0
P210,0,0,0,-1
P210,0,1,0,0
P210,-1,0,0,1
P210,0,0,0,1
P211,-1,0,0,0
P211,-1,1,0,-1
P211,0,1,0,1
P211,0,0,1,0
P211,0,0,0,1
P212,0,0,1,0
P212,1,0,0,0
P212,0,-1,0,-1
P212,1,-1,0,-1
P212,0,0,0,1
P213,1,1,0,-1
P213,0,-1,0,0
P213,1,0,0,1
P213,0,0,0,-1
P213,0,0,0,1
P214,0,0,-1,0
P214,0,1,0,0
P214,0,0,-1,-1
P214,1,-1,-1,-1
P214,0,0,0,1
P215,0,-1,1,1
P215,0,1,0,0
P215,-1,1,0,0
P215,-1,0,1,-1
P215,0,0,0,1
P216,1,0,0,0
P216,0,1,-1,0
P216,1,0,0,1
P216,1,1,-1,0
P216,0,0,0,1
P217,1,1,0,0
P217,0,-1,0,0
P217,0,1,0,0
P217,0,0,0,1
P217,0,0,0,0
P218,1,0,0,0
P218,0,1,0,0
P218,0,1,1,-1
P218,0,0,-1,1
P218,0,0,0,1
P219,0,1,1,0
P219,1,0,0,0
P219,0,0,-1,1
P219,1,-1,0,-1
P219,0,0,0,1
P220,-1,1,-1,0
P220,0,1,0,-1
P220,0,-1,0,0
P220,-1,1,0,1
P220,0,0,0,1
P221,0,-1,-1,-1
P221,1,0,1,-1
P221,-1,-1,0,0
P221,0,0,-1,0
P221,0,0,0,1
P222,0,1,1,0
P222,0,-1,1,1
P222,-1,1,0,0
P222,0,1,1,0
P222,0,0,0,1
P223,1,0,0,-1
P223,1,0,1,0
P223,-1,0,1,-1
P223,1,1,-1,0
P223,0,0,0,1
P224,1,-1,1,0
P224,0,1,-1,0
P224,0,0,1,0
P224,1,0,-1,0
P224,0,0,0,1
P225,-1,0,0,0
P225,-1,0,0,0
P225,1,0,-1,1
P225,-1,1,1,1
P225,0,0,0,1
P226,1,-1,-1,-1
P226,0,1,0,0
P226,1,-1,1,0
P226,1,0,-1,1
P226,0,0,0,1
P227,1,1,0,-1
P227,1,0,1,0
P227,1,-1,0,1
P227,1,0,0,0
P227,0,0,0,1
P228,-1,0,0,0
P228,1,-1,-1,0
P228,0,0,1,0
P228,1,1,0,1
P228,0,0,0,1
P229,1,0,0,0
P229,0,0,1,0
P229,1,0,0,0
P229,1,0,1,-1
P229,0,0,0,1
P230,0,1,0,0
P230,0,1,0,-1
P230,1,0,0,1
P230,0,-1,0,0
P230,0,0,0,0
P231,1,0,1,0
P231,1,0,0,0
P231,1,-1,0,-1
P231,0,1,0,1
P231,0,0,0,1
P232,0,1,0,-1
P232,1,0,0,0
P232,1,-1,0,0
P232,1,0,0,0
P232,0,0,0,1
P233,0,-1,-1,-1
P233,1,0,1,-1
P233,0,1,0,-1
P233,0,0,0,1
P233,0,0,0,1
P234,1,0,0,1
P234,0,0,0,1
P234,1,1,-1,0
P234,0,1,0,-1
P234,0,0,0,1
P235,1,0,-1,-1
P235,1,0,1,0
P235,0,0,-1,-1
P235,1,1,0,-1
P235,0,0,0,1
P236,1,1,0,0
P236,-1,0,1,1
P236,0,0,-1,1
P236,1,0,0,1
P236,0,0,0,1
P237,1,1,0,0
P237,0,0,0,1
P237,-1,0,-1,1
P237,1,0,-1,0
P237,0,0,0,1
P238,0,0,-1,0
P238,1,0,0,0
P238,1,0,-1,0
P238,-1,1,1,0
P238,0,0,0,1
P239,0,0,-1,0
P239,0,0,0,1
P239,1,0,-1,1
P239,1,0,0,-1
P239,0,0,0,1
P240,0,0,-1,1
P240,1,0,1,0
P240,0,1,1,0
P240,-1,0,0,0
P240,0,0,0,1
P241,-1,1,0,0
P241,0,1,0,-1
P241,1,1,-1,-1
P241,1,-1,0,1
P241,0,0,0,1
P242,-1,1,0,-1
P242,-1,0,0,-1
P242,0,1,-1,0
P242,1,-1,0,0
P242,0,0,0,1
P243,1,0,1,0
P243,0,1,0,1
P243,1,-1,0,1
P243,0,1,0,0
P243,0,0,0,1
P244,0,0,0,-1
P244,0,0,-1,0
P244,0,0,0,1
P244,1,0,0,0
P244,0,0,0,0
P245,0,1,1,1
P245,0,0,1,0
P245,0,0,-1,0
P245,0,-1,1,0
P245,0,0,0,1
P246,0,1,0,0
P246,-1,1,-1,0
P246,-1,0,1,0
P246,-1,-1,0,0
P246,0,0,0,1
P247,0,1,-1,0
P247,0,-1,0,0
P247,0,1,-1,1
P247,1,0,0,0
P247,0,0,0,1
P248,1,-1,-1,-1
P248,1,0,-1,1
P248,-1,-1,0,0
P248,1,0,0,1
P248,0,0,0,1
P249,-1,0,1,1
P249,0,-1,-1,0
P249,-1,1,0,0
P249,0,-1,0,0
P249,0,0,0,1
P250,1,-1,0,0
P250,1,0,1,0
P250,0,1,0,1
P250,0,0,-1,1
P250,0,0,0,1
P251,1,0,-1,0
P251,0,1,-1,0
P251,0,0,0,1
P251,1,1,0,-1
P251,0,0,0,1
P252,0,1,0,1
P252,-1,1,0,0
P252,-1,0,1,0
P252,-1,-1,0,1
P252,0,0,0,1
P253,1,1,0,0
P253,-1,0,1,-1
P253,1,0,0,0
P253,0,1,0,1
P253,0,0,0,1
P254,0,-1,1,1
P254,0,0,0,-1
P254,0,1,0,0
P254,-1,0,0,0
P254,0,0,0,1
P255,0,1,0,0
P255,1,0,1,0
P255,1,1,0,0
P255,1,-1,-1,0
P255,0,0,0,1
P256,1,-1,0,0
P256,0,1,0,0
P256,1,0,0,0
P256,0,-1,1,0
P256,0,0,0,1
P257,1,-1,1,0
P257,0,1,0,0
P257,-1,0,0,0
P257,0,-1,0,0
P257,0,0,0,0
P258,0,1,1,0
P258,-1,-1,0,1
P258,-1,0,1,0
P258,1,-1,0,0
P258,0,0,0,1
P259,0,-1,0,1
P259,1,-1,0,0
P259,1,-1,-1,0
P259,-1,-1,-1,0
P259,0,0,0,1
P260,1,0,-1,0
P260,1,0,-1,0
P260,0,-1,-1,0
P260,1,1,0,0
P260,0,0,0,1
P261,1,0,-1,1
P261,-1,0,0,0
P261,0,0,-1,0
P261,0,0,0,1
P261,0,0,0,1
P262,-1,1,0,-1
P262,-1,0,1,-1
P262,0,0,0,1
P262,0,0,1,0
P262,0,0,0,1
P263,0,0,-1,0
P263,1,-1,0,0
P263,0,-1,1,0
P263,0,1,1,1
P263,0,0,0,1
P264,-1,-1,0,0
P264,1,0,0,0
P264,0,1,-1,0
P264,0,1,0,1
P264,0,0,0,1
P265,0,1,0,1
P265,0,1,1,-1
P265,1,1,0,0
P265,0,0,0,1
P265,0,0,0,1
P266,0,-1,-1,-1
P266,0,0,0,1
P266,0,-1,1,0
P266,1,1,-1,1
P266,0,0,0,1
P267,0,1,1,0
P267,0,0,0,-1
P267,1,0,0,-1
P267,1,-1,0,0
P267,0,0,0,1
P268,0,0,0,-1
P268,0,-1,0,0
P268,0,0,0,1
P268,1,1,0,-1
P268,0,0,0,0
P269,0,1,1,0
P269,1,0,0,1
P269,0,0,0,1
P269,1,1,1,0
P269,0,0,0,1
P270,0,0,1,1
P270,1,1,0,1
P270,0,0,0,1
P270,0,0,1,-1
P270,0,0,0,1
P271,0,1,0,0
P271,-1,0,0,0
P271,0,1,1,0
P271,-1,0,0,-1
P271,0,0,0,1
P272,-1,0,0,0
P272,0,0,0,-1
P272,0,0,0,-1
P272,1,0,0,1
P272,0,0,0,1
P273,0,-1,0,1
P273,0,1,1,0
P273,0,1,-1,0
P273,1,0,0,0
P273,0,0,0,1
P274,1,0,1,-1
P274,1,1,0,-1
P274,0,1,0,0
P274,0,0,0,-1
P274,0,0,0,1
P275,0,-1,0,1
P275,0,1,1,0
P275,1,0,1,-1
P275,1,0,1,0
P275,0,0,0,1
P276,1,-1,0,-1
P276,-1,-1,0,1
P276,0,0,-1,0
P276,-1,0,0,0
P276,0,0,0,1
P277,1,1,0,1
P277,1,-1,0,1
P277,1,0,0,-1
P277,0,0,0,-1
P277,0,0,0,1
P278,1,0,1,-1
P278,-1,-1,0,1
P278,0,1,0,1
P278,0,-1,-1,0
P278,0,0,0,1
P279,0,-1,0,0
P279,0,-1,0,0
P279,1,1,1,0
P279,0,0,0,1
P279,0,0,0,1
P280,0,-1,-1,0
P280,1,-1,0,0
P280,0,1,0,0
P280,-1,0,0,1
P280,0,0,0,1
P281,1,0,0,0
P281,0,0,1,0
P281,1,0,1,-1
P281,1,-1,0,1
P281,0,0,0,1
P282,0,-1,1,1
P282,1,-1,1,0
P282,0,1,1,0
P282,1,-1,0,1
P282,0,0,0,1
P283,0,1,0,0
P283,1,0,1,1
P283,1,0,0,1
P283,1,0,0,1
P283,0,0,0,1
P284,1,0,1,0
P284,-1,1,1,1
P284,1,1,0,0
P284,-1,-1,-1,0
P284,0,0,0,1
P285,0,1,-1,-1
P285,-1,0,-1,0
P285,0,1,0,0
P285,0,0,-1,0
P285,0,0,0,1
P286,0,1,0,-1
P286,-1,0,1,0
P286,0,0,0,1
P286,0,1,0,0
P286,0,0,0,1
P287,1,0,0,0
P287,0,-1,1,0
P287,0,-1,-1,1
P287,1,0,1,0
P287,0,0,0,1
P288,0,0,1,0
P288,-1,0,-1,-1
P288,-1,0,0,-1
P288,0,-1,1,0
P288,0,0,0,1
P289,0,0,1,1
P289,0,0,0,-1
P289,1,-1,0,-1
P289,0,0,1,0
P289,0,0,0,1
P290,0,-1,-1,1
P290,0,-1,-1,0
P290,0,0,1,1
P290,0,-1,-1,0
P290,0,0,0,1
P291,0,1,0,0
P291,1,-1,-1,-1
P291,1,0,0,1
P291,1,-1,-1,0
P291,0,0,0,1
P292,0,-1,1,0
P292,0,-1,0,0
P292,0,1,0,-1
P292,0,1,0,1
P292,0,0,0,1
P293,0,0,0,1
P293,-1,1,0,0
P293,1,-1,0,0
P293,0,1,0,1
P293,0,0,0,1
P294,0,0,-1,1
P294,0,-1,0,0
P294,1,0,0,-1
P294,0,0,-1,1
P294,0,0,0,1
P295,-1,-1,0,1
P295,1,0,0,0
P295,0,-1,1,1
P295,-1,0,0,0
P295,0,0,0,0
P296,-1,0,1,1
P296,0,-1,0,0
P296,0,0,1,-1
P296,0,-1,0,0
P296,0,0,0,1
P297,0,1,0,1
P297,0,0,1,0
P297,0,1,1,1
P297,0,0,1,0
P297,0,0,0,1
P298,-1,0,0,1
P298,1,0,1,-1
P298,-1,0,0,1
P298,-1,0,0,0
P298,0,0,0,1
P299,1,-1,0,1
P299,0,0,1,0
P299,0,0,1,-1
P299,1,0,1,0
P299,0,0,0,1
P300,-1,1,1,0
P300,0,-1,0,1
P300,0,1,1,-1
P300,0,0,1,0
P300,0,0,0,1
P301,0,0,0,1
P301,0,0,1,0
P301,0,-1,0,1
P301,1,1,-1,0
P301,0,0,0,1
P302,0,0,1,-1
P302,-1,1,-1,0
P302,1,0,1,1
P302,0,1,0,-1
P302,0,0,0,1
P303,0,0,0,1
P303,1,0,0,0
P303,0,-1,0,0
P303,-1,1,0,-1
P303,0,0,0,1
P304,0,1,-1,1
P304,-1,-1,-1,0
P304,-1,0,1,0
P304,0,0,-1,1
P304,0,0,0,1
P305,0,1,0,-1
P305,1,0,0,0
P305,0,0,-1,1
P305,0,0,1,0
P305,0,0,0,1
P306,1,0,-1,0
P306,0,-1,-1,1
P306,0,0,0,1
P306,0,0,-1,1
P306,0,0,0,1
P307,0,0,0,-1
P307,0,0,0,1
P307,0,1,1,1
P307,1,1,0,1
P307,0,0,0,0
P308,0,1,-1,-1
P308,-1,0,1,0
P308,0,-1,-1,1
P308,-1,0,1,0
P308,0,0,0,1
P309,0,-1,0,1
P309,-1,1,-1,0
P309,1,0,0,0
P309,1,0,1,0
P309,0,0,0,1
P310,0,1,-1,-1
P310,0,1,0,-1
P310,0,0,-1,0
P310,1,-1,0,0
P310,0,0,0,1
P311,0,1,1,0
P311,-1,0,0,1
P311,0,0,1,0
P311,1,0,-1,-1
P311,0,0,0,1
P312,0,-1,0,1
P312,1,0,0,0
P312,-1,0,-1,-1
P312,-1,0,0,0
P312,0,0,0,0
P313,0,-1,-1,0
P313,-1,1,1,0
P313,0,0,0,1
P313,0,0,1,1
P313,0,0,0,1
P314,1,0,0,1
P314,1,1,-1,0
P314,1,1,0,0
P314,0,1,-1,0
P314,0,0,0,1
P315,1,0,0,0
P315,1,0,0,0
P315,-1,-1,0,0
P315,1,1,0,1
P315,0,0,0,1
P316,0,0,-1,0
P316,0,1,0,-1
P316,1,-1,0,-1
P316,0,-1,0,0
P316,0,0,0,1
P317,0,0,1,0
P317,1,-1,0,1
P317,1,0,0,0
P317,0,1,0,0
P317,0,0,0,1
P318,1,0,0,-1
P318,0,-1,0,-1
P318,0,0,0,-1
P318,1,1,0,1
P318,0,0,0,1
P319,0,-1,1,0
P319,0,1,0,1
P319,1,1,0,0
P319,0,-1,1,0
P319,0,0,0,1
P320,-1,0,-1,1
P320,0,-1,-1,-1
P320,0,-1,0,0
P320,0,-1,-1,1
P320,0,0,0,1
P321,0,0,0,1
P321,-1,0,0,0
P321,-1,0,0,0
P321,0,-1,0,0
P321,0,0,0,1
P322,1,-1,0,0
P322,0,0,0,1
P322,0,0,0,-1
P322,-1,0,-1,0
P322,0,0,0,0
P323,0,-1,0,1
P323,-1,1,1,1
P323,1,0,1,0
P323,0,0,0,1
P323,0,0,0,1
P324,-1,0,1,-1
P324,1,0,1,-1
P324,0,0,1,0
P324,0,0,0,1
P324,0,0,0,1
P325,1,1,1,0
P325,0,-1,0,0
P325,1,1,0,-1
P325,0,-1,-1,0
P325,0,0,0,1
P326,0,0,0,-1
P326,0,-1,1,1
P326,-1,1,0,-1
P326,-1,1,0,0
P326,0,0,0,1
P327,0,-1,0,0
P327,0,0,0,1
P327,1,1,-1,1
P327,0,1,0,0
P327,0,0,0,1
P328,1,1,0,1
P328,1,1,0,0
P328,1,0,0,0
P328,0,0,-1,-1
P328,0,0,0,1
P329,1,1,0,-1
P329,0,0,-1,1
P329,0,0,0,1
P329,0,0,1,1
P329,0,0,0,1
P330,0,0,1,0
P330,0,1,0,1
P330,0,1,1,1
P330,0,-1,1,0
P330,0,0,0,1
P331,0,0,-1,0
P331,0,0,-1,0
P331,1,-1,1,0
P331,0,0,0,-1
P331,0,0,0,1
P332,0,0,-1,1
P332,1,1,0,1
P332,0,1,1,1
P332,-1,-1,1,0
P332,0,0,0,1
P333,-1,0,0,1
P333,0,0,1,1
P333,0,-1,0,0
P333,-1,1,0,1
P333,0,0,0,1
P334,1,-1,0,1
P334,-1,0,0,0
P334,0,0,1,1
P334,0,1,0,0
P334,0,0,0,1
P335,1,1,-1,0
P335,-1,1,0,0
P335,-1,0,-1,1
P335,-1,0,0,-1
P335,0,0,0,1
P336,1,-1,-1,0
P336,-1,1,0,-1
P336,-1,1,0,0
P336,0,-1,0,0
P336,0,0,0,1
P337,1,0,0,0
P337,0,0,1,0
P337,0,0,1,-1
P337,0,1,1,0
P337,0,0,0,1
P338,1,0,0,1
P338,0,-1,0,0
P338,0,0,-1,0
P338,-1,0,0,0
P338,0,0,0,1
P339,1,-1,0,0
P339,1,0,0,-1
P339,-1,-1,-1,0
P339,0,0,1,0
P339,0,0,0,1
P340,-1,0,1,-1
P340,-1,-1,-1,0
P340,0,1,0,1
P340,0,-1,1,0
P340,0,0,0,1
P341,-1,1,1,-1
P341,-1,0,0,0
P341,1,0,-1,-1
P341,1,1,1,0
P341,0,0,0,1
P342,1,-1,-1,1
P342,-1,0,-1,0
P342,-1,0,1,0
P342,1,1,-1,0
P342,0,0,0,1
P343,-1,0,-1,-1
P343,1,0,-1,0
P343,0,0,0,-1
P343,1,1,1,0
P343,0,0,0,1
P344,1,0,0,0
P344,-1,0,0,1
P344,0,-1,1,0
P344,0,1,1,1
P344,0,0,0,1
P345,0,0,-1,1
P345,1,1,0,0
P345,0,1,0,1
P345,-1,1,0,1
P345,0,0,0,1
P346,0,0,1,0
P346,-1,0,0,-1
P346,0,0,1,0
P346,0,-1,1,-1
P346,0,0,0,1
P347,-1,0,0,0
P347,0,1,0,0
P347,0,0,-1,0
P347,0,0,-1,1
P347,0,0,0,1
P348,0,1,-1,0
P348,0,0,-1,0
P348,0,1,-1,-1
P348,0,0,1,-1
P348,0,0,0,1
P349,0,0,0,-1
P349,-1,0,0,-1
P349,1,-1,0,1
P349,1,0,0,1
P349,0,0,0,1
P350,0,0,0,-1
P350,0,1,-1,-1
P350,0,0,0,1
P350,0,0,-1,0
P350,0,0,0,0
P351,1,1,0,0
P351,0,-1,0,-1
P351,0,1,0,0
P351,0,-1,0,1
P351,0,0,0,1
P352,0,1,1,0
P352,0,0,1,1
P352,-1,0,-1,0
P352,0,1,0,0
P352,0,0,0,1
P353,1,-1,0,0
P353,0,-1,0,1
P353,1,1,-1,0
P353,1,1,0,0
P353,0,0,0,1
P354,0,1,1,0
P354,0,0,1,0
P354,1,1,0,0
P354,-1,0,0,0
P354,0,0,0,1
P355,-1,0,1,0
P355,-1,0,0,0
P355,0,-1,0,0
P355,0,0,1,-1
P355,0,0,0,1
P356,0,0,0,1
P356,0,0,-1,0
P356,1,0,1,1
P356,1,1,1,0
P356,0,0,0,1
P357,1,0,1,-1
P357,0,1,0,1
P357,0,0,-1,0
P357,0,0,1,0
P357,0,0,0,0
P358,-1,0,0,0
P358,0,-1,0,0
P358,1,0,0,-1
P358,1,1,-1,0
P358,0,0,0,1
P359,-1,0,1,-1
P359,-1,0,1,0
P359,0,-1,1,-1
P359,-1,1,-1,0
P359,0,0,0,1
P360,0,-1,-1,0
P360,-1,1,0,-1
P360,-1,1,1,1
P360,0,-1,0,1
P360,0,0,0,1
P361,0,0,-1,0
P361,1,0,0,0
P361,0,0,0,1
P361,0,0,1,0
P361,0,0,0,0
P362,-1,-1,0,1
P362,0,1,0,-1
P362,0,-1,0,0
P362,0,0,0,1
P362,0,0,0,0
P363,-1,1,0,1
P363,0,0,1,1
P363,1,1,0,1
P363,0,-1,1,0
P363,0,0,0,1
P364,-1,0,1,0
P364,0,-1,0,-1
P364,0,1,-1,0
P364,1,1,0,0
P364,0,0,0,1
P365,0,0,-1,1
P365,1,0,0,0
P365,1,1,0,1
P365,1,0,0,0
P365,0,0,0,1
P366,0,-1,0,0
P366,1,-1,0,1
P366,0,-1,0,0
P366,-1,1,0,-1
P366,0,0,0,1
P367,0,1,0,-1
P367,-1,1,-1,-1
P367,1,-1,1,1
P367,0,0,0,1
P367,0,0,0,1
P368,1,0,1,0
P368,0,1,0,1
P368,-1,0,1,1
P368,1,1,0,0
P368,0,0,0,1
P369,0,0,0,1
P369,0,0,0,1
P369,0,1,1,1
P369,1,0,0,0
P369,0,0,0,1
P370,0,1,0,0
P370,0,1,1,-1
P370,-1,1,0,0
P370,-1,0,0,1
P370,0,0,0,1
P371,-1,1,0,0
P371,1,-1,0,0
P371,0,-1,0,0
P371,1,0,0,0
P371,0,0,0,0
P372,0,0,1,0
P372,1,0,-1,1
P372,1,1,0,-1
P372,-1,1,0,0
P372,0,0,0,1
P373,1,0,1,1
P373,0,0,0,1
P373,0,0,1,-1
P373,0,-1,-1,0
P373,0,0,0,1
P374,0,-1,0,0
P374,0,1,0,-1
P374,-1,0,0,1
P374,-1,0,-1,0
P374,0,0,0,1
P375,1,0,-1,0
P375,0,1,-1,0
P375,0,1,-1,0
P375,-1,0,0,1
P375,0,0,0,1
P376,1,0,0,0
P376,-1,-1,-1,0
P376,0,1,0,0
P376,-1,1,0,-1
P376,0,0,0,1
P377,0,0,-1,1
P377,0,0,0,1
P377,0,0,1,1
P377,-1,0,0,1
P377,0,0,0,1
P378,0,-1,0,-1
P378,0,0,1,0
P378,0,0,-1,0
P378,-1,0,1,0
P378,0,0,0,0
P379,0,0,0,1
P379,0,1,-1,1
P379,-1,1,-1,0
P379,-1,1,0,0
P379,0,0,0,1
P380,0,0,0,-1
P380,0,-1,1,0
P380,0,-1,0,0
P380,0,0,1,0
P380,0,0,0,1
P381,1,0,-1,0
P381,0,-1,0,1
P381,1,0,0,0
P381,1,1,0,0
P381,0,0,0,1
P382,0,-1,1,0
P382,-1,0,0,0
P382,0,1,0,0
P382,0,1,-1,-1
P382,0,0,0,1
P383,1,-1,-1,0
P383,0,0,0,1
P383,-1,0,0,0
P383,-1,0,-1,-1
P383,0,0,0,1
P384,0,-1,0,-1
P384,0,0,0,1
P384,0,0,-1,1
P384,0,1,0,0
P384,0,0,0,1
P385,-1,0,0,0
P385,1,0,0,1
P385,0,1,0,0
P385,1,-1,0,0
P385,0,0,0,0
P386,1,0,1,0
P386,0,-1,1,-1
P386,0,1,-1,0
P386,0,-1,-1,0
P386,0,0,0,1
P387,1,0,1,1
P387,0,0,1,0
P387,0,-1,0,0
P387,1,0,0,-1
P387,0,0,0,1
P388,1,0,1,1
P388,1,0,0,1
P388,-1,0,1,0
P388,-1,0,-1,1
P388,0,0,0,1
P389,0,-1,0,0
P389,1,0,0,0
P389,0,0,-1,-1
P389,0,-1,0,1
P389,0,0,0,1
P390,1,-1,0,-1
P390,0,0,0,1
P390,1,1,1,0
P390,0,0,-1,1
P390,0,0,0,1
P391,0,1,0,0
P391,0,1,-1,0
P391,0,1,0,-1
P391,0,0,0,1
P391,0,0,0,1
P392,0,1,1,-1
P392,0,1,1,0
P392,1,0,-1,1
P392,0,0,0,1
P392,0,0,0,1
P393,0,1,0,1
P393,0,0,0,-1
P393,0,0,1,0
P393,0,1,-1,0
P393,0,0,0,1
P394,-1,0,1,1
P394,0,-1,0,-1
P394,-1,0,1,0
P394,0,1,0,0
P394,0,0,0,1
P395,0,0,-1,0
P395,-1,0,-1,0
P395,0,1,1,0
P395,0,1,0,0
P395,0,0,0,1
P396,1,-1,0,0
P396,0,1,0,0
P396,-1,0,0,1
P396,0,1,0,1
P396,0,0,0,1
P397,1,1,1,-1
P397,0,-1,0,1
P397,-1,1,0,-1
P397,0,0,-1,0
P397,0,0,0,1
P398,1,0,0,-1
P398,0,1,1,0
P398,-1,0,-1,0
P398,0,1,0,0
P398,0,0,0,1
P399,-1,0,1,0
P399,1,0,-1,0
P399,0,1,0,0
P399,0,0,-1,-1
P399,0,0,0,1
P400,0,1,1,-1
P400,-1,-1,0,0
P400,0,1,0,1
P400,-1,0,0,0
P400,0,0,0,1
P401,-1,0,0,0
P401,0,0,0,-1
P401,1,1,1,1
P401,1,1,0,0
P401,0,0,0,1
P402,1,0,0,1
P402,0,1,1,1
P402,1,1,0,0
P402,1,0,0,1
P402,0,0,0,1
P403,1,0,0,0
P403,1,1,0,1
P403,-1,0,-1,-1
P403,1,-1,0,0
P403,0,0,0,1
P404,0,1,-1,0
P404,1,0,0,0
P404,0,1,0,0
P404,1,1,0,-1
P404,0,0,0,1
P405,0,0,0,1
P405,1,0,0,0
P405,1,1,0,-1
P405,1,0,0,1
P405,0,0,0,1
P406,0,1,1,-1
P406,0,1,1,0
P406,1,0,-1,-1
P406,0,1,1,0
P406,0,0,0,1
P407,1,1,1,1
P407,-1,0,1,0
P407,0,1,-1,0
P407,0,-1,0,0
P407,0,0,0,1
P408,0,0,0,1
P408,1,0,0,-1
P408,0,-1,0,-1
P408,1,-1,0,1
P408,0,0,0,1
P409,1,0,1,0
P409,1,0,0,0
P409,-1,0,1,0
P409,0,0,0,-1
P409,0,0,0,1
P410,1,0,0,0
P410,-1,-1,0,0
P410,0,0,0,1
P410,0,0,0,1
P410,0,0,0,1
P411,-1,0,1,1
P411,-1,-1,0,0
P411,-1,0,1,-1
P411,-1,0,0,-1
P411,0,0,0,1
P412,0,0,-1,-1
P412,0,0,-1,0
P412,-1,0,-1,0
P412,1,0,1,0
P412,0,0,0,1
P413,1,0,-1,0
P413,1,1,0,-1
P413,-1,1,1,-1
P413,-1,-1,0,-1
P413,0,0,0,1
P414,-1,1,1,0
P414,-1,0,0,0
P414,1,1,0,0
P414,0,0,0,-1
P414,0,0,0,1
P415,-1,0,0,0
P415,-1,0,0,0
P415,0,0,0,1
P415,0,0,1,0
P415,0,0,0,1
P416,1,-1,0,0
P416,0,-1,-1,0
P416,1,-1,0,0
P416,1,-1,0,0
P416,0,0,0,1
P417,0,-1,-1,-1
P417,0,1,1,0
P417,1,0,1,0
P417,0,-1,0,1
P417,0,0,0,1
P418,-1,1,0,1
P418,0,-1,1,0
P418,0,1,0,-1
P418,1,0,-1,0
P418,0,0,0,1
P419,0,0,1,1
P419,0,1,-1,1
P419,0,1,1,0
P419,0,0,1,0
P419,0,0,0,1
P420,0,0,-1,1
P420,0,-1,1,0
P420,0,1,0,0
P420,0,0,1,-1
P420,0,0,0,1
P421,0,0,0,1
P421,0,-1,1,-1
P421,0,0,1,0
P421,1,0,0,0
P421,0,0,0,1
P422,-1,1,0,0
P422,0,0,1,-1
P422,1,0,0,0
P422,-1,0,0,0
P422,0,0,0,0
P423,0,0,1,0
P423,0,1,1,0
P423,1,0,0,0
P423,1,1,0,1
P423,0,0,0,1
P424,0,1,0,0
P424,-1,1,0,0
P424,1,0,1,0
P424,0,-1,0,-1
P424,0,0,0,1
P425,0,1,0,1
P425,0,0,1,0
P425,1,1,0,0
P425,0,1,0,1
P425,0,0,0,1
P426,0,0,0,-1
P426,1,1,0,0
P426,0,0,-1,0
P426,0,-1,0,-1
P426,0,0,0,1
P427,0,0,-1,1
P427,-1,-1,0,1
P427,-1,0,0,0
P427,0,0,1,-1
P427,0,0,0,1
P428,0,1,0,0
P428,0,1,0,-1
P428,-1,0,0,0
P428,1,-1,0,0
P428,0,0,0,0
P429,0,0,1,0
P429,0,0,0,1
P429,0,-1,-1,1
P429,-1,1,0,0
P429,0,0,0,1
P430,0,-1,1,-1
P430,0,1,0,0
P430,-1,1,0,0
P430,0,-1,0,1
P430,0,0,0,1
P431,1,1,1,0
P431,1,0,0,0
P431,0,-1,1,-1
P431,-1,0,0,0
P431,0,0,0,0
P432,1,0,1,0
P432,0,0,0,-1
P432,0,1,1,0
P432,0,-1,-1,-1
P432,0,0,0,1
P433,0,-1,1,0
P433,1,1,0,0
P433,0,-1,-1,-1
P433,1,1,0,1
P433,0,0,0,1
P434,0,0,0,-1
P434,-1,1,1,0
P434,0,0,0,1
P434,-1,1,0,1
P434,0,0,0,0
P435,0,0,0,1
P435,0,1,0,0
P435,0,1,-1,0
P435,-1,0,0,-1
P435,0,0,0,1
P436,-1,1,0,0
P436,-1,0,0,0
P436,0,0,0,-1
P436,0,-1,-1,1
P436,0,0,0,1
P437,0,1,-1,1
P437,-1,0,-1,1
P437,0,1,0,1
P437,0,0,0,1
P437,0,0,0,1
P438,1,1,-1,0
P438,1,0,1,0
P438,0,-1,1,0
P438,0,-1,0,0
P438,0,0,0,1
P439,0,0,1,0
P439,0,0,1,0
P439,0,0,0,-1
P439,-1,0,1,-1
P439,0,0,0,1
P440,0,0,0,-1
P440,0,0,1,-1
P440,1,1,1,0
P440,1,0,0,0
P440,0,0,0,1
P441,-1,0,0,1
P441,0,1,1,0
P441,1,0,0,0
P441,0,1,0,-1
P441,0,0,0,1
P442,1,0,0,-1
P442,-1,0,0,1
P442,0,0,-1,1
P442,1,0,-1,-1
P442,0,0,0,1
P443,1,0,0,0
P443,0,0,0,1
P443,-1,0,1,0
P443,1,0,1,0
P443,0,0,0,1
P444,1,0,1,0
P444,0,1,0,0
P444,0,0,1,0
P444,1,0,0,-1
P444,0,0,0,1
P445,0,0,0,-1
P445,1,0,1,-1
P445,1,1,0,1
P445,0,0,0,1
P445,0,0,0,0
P446,0,-1,-1,-1
P446,0,0,-1,-1
P446,-1,1,1,0
P446,-1,1,0,0
P446,0,0,0,1
P447,0,-1,0,-1
P447,-1,0,0,0
P447,1,0,0,0
P447,1,0,0,0
P447,0,0,0,0
P448,0,1,1,0
P448,1,0,0,0
P448,0,-1,-1,-1
P448,-1,1,0,1
P448,0,0,0,1
P449,0,0,0,-1
P449,0,-1,0,1
P449,1,1,1,0
P449,0,1,1,1
P449,0,0,0,1
P450,0,0,1,0
P450,1,-1,1,0
P450,1,-1,0,-1
P450,1,0,-1,-1
P450,0,0,0,1
P451,0,0,-1,1
P451,1,0,1,1
P451,-1,1,0,0
P451,0,1,0,1
P451,0,0,0,1
P452,-1,0,0,-1
P452,0,0,-1,0
P452,-1,0,0,0
P452,0,1,0,0
P452,0,0,0,1
P453,1,0,1,0
P453,0,-1,0,0
P453,0,-1,0,0
P453,0,-1,-1,0
P453,0,0,0,1
P454,1,0,1,0
P454,0,1,0,1
P454,0,0,-1,1
P454,0,1,0,-1
P454,0,0,0,1
P455,0,1,0,0
P455,0,0,1,0
P455,0,-1,-1,1
P455,1,-1,1,0
P455,0,0,0,1
P456,0,0,0,1
P456,1,-1,0,-1
P456,-1,-1,-1,0
P456,1,1,-1,0
P456,0,0,0,1
P457,1,0,1,0
P457,0,0,1,0
P457,-1,1,1,0
P457,0,1,0,0
P457,0,0,0,1
P458,-1,0,-1,0
P458,-1,-1,-1,-1
P458,1,0,-1,0
P458,0,0,0,-1
P458,0,0,0,1
P459,-1,1,0,1
P459,0,0,1,0
P459,0,0,1,-1
P459,0,0,1,0
P459,0,0,0,1
P460,0,-1,0,0
P460,0,1,0,1
P460,0,1,-1,0
P460,0,0,1,0
P460,0,0,0,0
P461,-1,0,0,-1
P461,0,-1,0,0
P461,1,-1,-1,0
P461,0,-1,1,0
P461,0,0,0,1
P462,1,-1,0,-1
P462,0,0,-1,0
P462,-1,1,0,0
P462,0,1,0,0
P462,0,0,0,1
P463,1,1,0,0
P463,0,1,1,0
P463,1,-1,1,0
P463,0,0,0,1
P463,0,0,0,1
P464,1,1,0,1
P464,1,0,0,0
P464,1,0,1,0
P464,0,-1,1,0
P464,0,0,0,1
P465,1,1,1,-1
P465,0,1,1,0
P465,0,1,0,-1
P465,1,0,0,0
P465,0,0,0,1
P466,0,1,1,0
P466,0,0,0,1
P466,1,0,1,0
P466,0,1,0,0
P466,0,0,0,1
P467,0,0,-1,1
P467,1,0,0,-1
P467,-1,1,-1,0
P467,1,0,1,0
P467,0,0,0,1
P468,-1,0,0,1
P468,0,-1,0,0
P468,1,1,0,-1
P468,1,0,-1,-1
P468,0,0,0,1
P469,1,1,0,0
P469,0,1,-1,0
P469,-1,1,0,1
P469,1,0,1,1
P469,0,0,0,1
P470,0,0,1,0
P470,-1,1,0,0
P470,0,0,1,0
P470,1,-1,0,0
P470,0,0,0,1
P471,0,0,0,1
P471,0,0,-1,1
P471,-1,0,0,0
P471,-1,1,1,0
P471,0,0,0,1
P472,0,1,0,0
P472,0,0,0,1
P472,-1,0,-1,0
P472,0,-1,1,0
P472,0,0,0,1
P473,0,-1,0,-1
P473,0,0,1,0
P473,1,0,0,0
P473,0,0,1,0
P473,0,0,0,1
P474,0,-1,-1,1
P474,0,1,-1,1
P474,1,1,0,0
P474,0,-1,0,0
P474,0,0,0,1
P475,1,-1,-1,1
P475,1,0,-1,0
P475,0,1,1,0
P475,0,0,1,0
P475,0,0,0,1
P476,1,0,0,1
P476,0,1,0,1
P476,0,0,-1,0
P476,1,0,0,0
P476,0,0,0,1
P477,0,1,0,-1
P477,-1,-1,0,1
P477,1,1,1,0
P477,0,0,-1,0
P477,0,0,0,1
P478,1,0,0,1
P478,0,-1,0,-1
P478,0,1,0,0
P478,1,-1,0,0
P478,0,0,0,1
P479,-1,-1,-1,0
P479,1,0,1,0
P479,-1,0,1,0
P479,-1,1,0,-1
P479,0,0,0,1
P480,0,-1,0,1
P480,-1,1,0,0
P480,0,-1,0,1
P480,-1,0,1,0
P480,0,0,0,1
P481,-1,-1,1,0
P481,1,0,0,0
P481,0,0,1,-1
P481,1,0,1,1
P481,0,0,0,1
P482,0,-1,0,0
P482,0,1,0,0
P482,0,0,0,1
P482,1,-1,0,-1
P482,0,0,0,0
P483,1,-1,0,-1
P483,0,0,0,1
P483,-1,0,0,1
P483,0,0,1,0
P483,0,0,0,1
P484,0,1,-1,1
P484,0,0,-1,0
P484,-1,0,0,0
P484,0,0,0,1
P484,0,0,0,1
P485,0,1,0,0
P485,0,0,0,1
P485,0,1,-1,0
P485,-1,0,1,0
P485,0,0,0,1
P486,1,1,-1,0
P486,0,0,0,1
P486,-1,0,-1,1
P486,0,0,-1,0
P486,0,0,0,1
P487,-1,0,1,1
P487,-1,1,-1,0
P487,-1,1,1,-1
P487,-1,-1,1,1
P487,0,0,0,1
P488,0,-1,1,1
P488,-1,0,1,0
P488,-1,0,0,1
P488,1,0,0,0
P488,0,0,0,1
P489,1,1,0,-1
P489,-1,0,0,-1
P489,1,0,0,-1
P489,0,1,1,-1
P489,0,0,0,1
P490,-1,1,-1,0
P490,1,0,0,0
P490,-1,1,-1,0
P490,0,0,-1,0
P490,0,0,0,1
P491,0,0,0,-1
P491,0,0,0,-1
P491,1,0,0,1
P491,0,0,1,0
P491,0,0,0,1
P492,-1,0,-1,0
P492,0,0,1,1
P492,0,1,0,0
P492,0,-1,1,0
P492,0,0,0,1
P493,0,1,1,0
P493,-1,0,0,0
P493,0,1,-1,0
P493,0,1,1,1
P493,0,0,0,1
P494,-1,1,1,1
P494,0,0,-1,0
P494,0,0,0,1
P494,1,1,0,0
P494,0,0,0,1
P495,0,0,1,0
P495,1,-1,0,1
P495,1,-1,1,0
P495,-1,0,0,1
P495,0,0,0,1
P496,-1,1,0,1
P496,-1,0,-1,0
P496,1,0,-1,1
P496,0,-1,-1,0
P496,0,0,0,1
P497,-1,0,0,0
P497,1,0,0,1
P497,1,-1,1,0
P497,-1,0,0,1
P497,0,0,0,1
P498,1,1,0,1
P498,0,1,0,0
P498,0,1,1,1
P498,0,0,0,-1
P498,0,0,0,1
P499,1,-1,0,1
P499,-1,1,0,1
P499,1,0,0,0
P499,1,0,0,-1
P499,0,0,0,1
P500,0,0,-1,0
P500,0,0,0,1
P500,0,-1,0,1
P500,1,-1,0,1
P500,0,0,0,1
P501,0,-1,0,0
P501,0,1,0,0
P501,0,1,-1,1
P501,0,-1,1,0
P501,0,0,0,1
P502,0,1,0,0
P502,0,0,0,1
P502,-1,0,0,0
P502,-1,0,0,0
P502,0,0,0,1
P503,0,0,0,-1
P503,-1,1,0,0
P503,0,0,-1,0
P503,0,1,1,0
P503,0,0,0,1
P504,0,-1,1,-1
P504,-1,1,0,1
P504,0,0,-1,-1
P504,0,0,1,1
P504,0,0,0,1
P505,1,-1,-1,1
P505,0,-1,1,-1
P505,-1,1,-1,-1
P505,1,1,0,-1
P505,0,0,0,1
P506,0,0,1,-1
P506,0,0,-1,-1
P506,-1,0,0,0
P506,0,0,1,0
P506,0,0,0,1
P507,1,0,1,1
P507,1,0,0,0
P507,-1,0,0,0
P507,0,-1,0,-1
P507,0,0,0,0
P508,0,-1,1,-1
P508,0,0,-1,-1
P508,0,1,0,0
P508,1,0,-1,-1
P508,0,0,0,1
P509,0,0,-1,0
P509,0,1,1,0
P509,-1,0,1,-1
P509,0,0,-1,-1
P509,0,0,0,1
P510,1,1,0,1
P510,0,0,1,0
P510,-1,0,-1,1
P510,0,0,0,1
P510,0,0,0,1
P511,-1,-1,0,1
P511,1,0,-1,-1
P511,1,0,-1,0
P511,1,0,0,1
P511,0,0,0,1
P512,0,0,0,1
P512,1,0,-1,-1
P512,-1,0,1,0
P512,-1,1,-1,-1
P512,0,0,0,1
P513,0,0,1,0
P513,0,-1,0,-1
P513,0,1,0,0
P513,-1,-1,-1,0
P513,0,0,0,1
P514,0,-1,0,1
P514,0,0,0,-1
P514,1,0,0,1
P514,0,1,1,0
P514,0,0,0,1
P515,-1,0,-1,0
P515,0,0,-1,1
P515,-1,0,0,-1
P515,0,1,0,0
P515,0,0,0,1
P516,0,-1,-1,0
P516,1,0,0,0
P516,0,0,-1,0
P516,0,-1,0,1
P516,0,0,0,1
P517,0,0,-1,-1
P517,1,0,0,0
P517,0,1,-1,1
P517,0,-1,-1,0
P517,0,0,0,1
P518,0,1,0,0
P518,1,-1,1,0
P518,-1,0,0,1
P518,1,0,0,0
P518,0,0,0,1
P519,1,1,1,1
P519,0,0,-1,-1
P519,1,0,0,0
P519,1,0,0,-1
P519,0,0,0,1
P520,1,0,0,1
P520,0,0,-1,-1
P520,0,1,-1,0
P520,0,-1,-1,1
P520,0,0,0,1
P521,1,-1,0,-1
P521,1,0,0,0
P521,-1,0,-1,1
P521,-1,0,0,0
P521,0,0,0,0
P522,-1,0,-1,1
P522,1,0,0,1
P522,1,0,-1,0
P522,0,-1,0,0
P522,0,0,0,1
P523,1,0,-1,0
P523,0,1,-1,1
P523,0,0,0,1
P523,0,0,1,-1
P523,0,0,0,1
P524,-1,-1,-1,1
P524,-1,0,-1,0
P524,0,0,-1,1
P524,1,-1,-1,-1
P524,0,0,0,1
P525,1,0,0,1
P525,0,0,1,0
P525,0,1,1,1
P525,-1,0,1,-1
P525,0,0,0,1
P526,1,0,0,1
P526,0,0,1,0
P526,0,0,0,1
P526,0,1,0,1
P526,0,0,0,1
P527,0,1,0,0
P527,-1,0,0,-1
P527,1,0,0,0
P527,1,0,1,0
P527,0,0,0,1
P528,1,1,1,0
P528,-1,0,-1,0
P528,0,0,1,0
P528,0,0,-1,1
P528,0,0,0,1
P529,-1,0,1,-1
P529,0,-1,0,0
P529,1,0,1,0
P529,1,-1,0,0
P529,0,0,0,1
P530,1,0,0,0
P530,1,1,0,1
P530,0,0,1,0
P530,1,0,0,1
P530,0,0,0,1
P531,-1,0,0,1
P531,1,0,1,0
P531,0,-1,0,0
P531,1,0,-1,0
P531,0,0,0,1
P532,1,0,-1,0
P532,0,1,1,0
P532,0,1,0,0
P532,0,1,-1,-1
P532,0,0,0,1
P533,0,-1,1,-1
P533,0,1,0,0
P533,-1,-1,0,0
P533,0,1,0,1
P533,0,0,0,1
P534,1,-1,1,0
P534,0,1,1,0
P534,1,0,-1,-1
P534,0,1,0,0
P534,0,0,0,1
P535,0,0,1,0
P535,1,0,0,1
P535,-1,1,1,0
P535,0,1,0,-1
P535,0,0,0,1
P536,0,0,-1,0
P536,-1,1,-1,0
P536,0,-1,0,1
P536,0,1,0,0
P536,0,0,0,1
P537,0,0,-1,0
P537,-1,0,-1,0
P537,0,-1,-1,0
P537,0,0,0,-1
P537,0,0,0,1
P538,1,1,0,1
P538,1,-1,0,1
P538,0,1,0,-1
P538,0,1,0,0
P538,0,0,0,1
P539,-1,1,0,0
P539,0,0,0,-1
P539,-1,1,0,0
P539,0,1,0,0
P539,0,0,0,1
P540,-1,-1,-1,0
P540,0,0,1,0
P540,-1,0,-1,0
P540,0,0,1,0
P540,0,0,0,1
P541,0,-1,1,1
P541,1,-1,0,0
P541,1,1,-1,0
P541,0,0,0,-1
P541,0,0,0,1
P542,0,0,0,1
P542,0,0,0,1
P542,1,0,0,0
P542,0,0,0,1
P542,0,0,0,1
P543,0,1,1,0
P543,0,0,0,1
P543,0,0,0,-1
P543,0,0,0,1
P543,0,0,0,0
P544,0,-1,0,0
P544,0,1,1,0
P544,1,0,0,0
P544,1,0,1,0
P544,0,0,0,1
P545,0,-1,0,1
P545,0,1,0,0
P545,-1,1,1,-1
P545,0,0,1,1
P545,0,0,0,1
P546,-1,0,-1,0
P546,1,-1,0,-1
P546,0,1,0,1
P546,1,1,0,0
P546,0,0,0,1
P547,1,0,0,0
P547,0,-1,-1,0
P547,1,1,1,0
P547,-1,1,0,-1
P547,0,0,0,1
P548,-1,0,-1,-1
P548,0,1,1,-1
P548,1,0,-1,0
P548,0,0,0,1
P548,0,0,0,1
P549,1,0,0,0
P549,1,1,1,-1
P549,-1,0,0,0
P549,0,1,1,1
P549,0,0,0,0
P550,-1,0,1,0
P550,1,0,1,0
P550,-1,-1,1,-1
P550,1,0,0,0
P550,0,0,0,1
P551,0,-1,0,1
P551,0,1,0,1
P551,0,-1,0,0
P551,0,0,1,0
P551,0,0,0,1
P552,0,0,-1,0
P552,-1,1,0,1
P552,0,0,-1,-1
P552,0,0,0,1
P552,0,0,0,1
P553,1,0,0,0
P553,0,1,-1,0
P553,-1,0,0,0
P553,1,0,1,0
P553,0,0,0,1
P554,0,-1,-1,0
P554,1,1,0,0
P554,1,-1,0,0
P554,0,0,0,1
P554,0,0,0,1
P555,1,1,0,1
P555,-1,0,-1,0
P555,0,1,1,0
P555,0,1,1,-1
P555,0,0,0,1
P556,0,-1,-1,0
P556,-1,0,0,0
P556,0,-1,0,0
P556,1,0,0,-1
P556,0,0,0,1
P557,1,0,-1,1
P557,0,0,0,1
P557,-1,0,0,0
P557,1,0,0,0
P557,0,0,0,0
P558,1,0,0,0
P558,1,1,0,-1
P558,-1,0,-1,0
P558,0,0,-1,0
P558,0,0,0,1
P559,1,-1,1,0
P559,0,-1,0,-1
P559,1,1,0,-1
P559,1,1,0,0
P559,0,0,0,1
P560,-1,0,0,1
P560,0,0,-1,-1
P560,0,0,1,0
P560,0,0,-1,0
P560,0,0,0,0
P561,0,1,-1,-1
P561,0,1,0,1
P561,0,0,-1,1
P561,-1,1,0,1
P561,0,0,0,1
P562,-1,0,0,1
P562,1,0,0,0
P562,0,0,1,0
P562,-1,1,0,1
P562,0,0,0,1
P563,0,1,0,0
P563,1,0,0,0
P563,0,1,-1,0
P563,-1,1,0,-1
P563,0,0,0,1
P564,0,-1,0,0
P564,0,1,0,0
P564,0,0,0,1
P564,0,-1,1,1
P564,0,0,0,1
P565,-1,-1,0,-1
P565,1,1,0,0
P565,1,1,0,1
P565,1,-1,0,0
P565,0,0,0,1
P566,0,0,-1,0
P566,-1,-1,0,1
P566,0,1,1,1
P566,1,1,0,0
P566,0,0,0,1
P567,-1,0,0,0
P567,1,-1,1,0
P567,0,-1,0,1
P567,1,0,-1,0
P567,0,0,0,1
P568,-1,0,-1,0
P568,1,0,0,-1
P568,1,0,0,-1
P568,-1,0,0,0
P568,0,0,0,1
P569,0,1,0,-1
P569,0,0,1,0
P569,-1,1,0,1
P569,0,1,1,-1
P569,0,0,0,1
P570,0,0,0,1
P570,0,0,0,-1
P570,0,1,0,1
P570,0,1,1,0
P570,0,0,0,0
P571,0,-1,-1,1
P571,0,0,0,1
P571,0,1,-1,0
P571,0,1,0,1
P571,0,0,0,1
P572,0,-1,-1,1
P572,1,0,-1,0
P572,1,0,-1,1
P572,-1,0,1,1
P572,0,0,0,1
P573,0,0,-1,0
P573,0,0,1,-1
P573,0,0,0,1
P573,-1,0,-1,0
P573,0,0,0,0
P574,-1,0,1,1
P574,1,0,0,0
P574,0,0,1,-1
P574,0,-1,-1,-1
P574,0,0,0,1
P575,-1,-1,1,-1
P575,0,1,1,0
P575,-1,1,0,0
P575,0,-1,1,-1
P575,0,0,0,1
P576,0,-1,0,-1
P576,0,-1,0,0
P576,0,0,0,-1
P576,0,-1,0,0
P576,0,0,0,1
P577,0,0,1,0
P577,1,0,1,-1
P577,0,-1,0,-1
P577,-1,0,0,0
P577,0,0,0,1
P578,1,1,0,0
P578,0,0,-1,0
P578,0,-1,0,0
P578,0,0,0,1
P578,0,0,0,1
P579,-1,-1,1,1
P579,-1,0,-1,-1
P579,0,1,-1,0
P579,0,-1,1,-1
P579,0,0,0,1
P580,0,1,-1,-1
P580,1,0,1,-1
P580,0,0,0,-1
P580,0,0,1,0
P580,0,0,0,1
P581,-1,0,1,-1
P581,0,1,1,0
P581,1,0,1,0
P581,0,-1,0,1
P581,0,0,0,1
P582,0,1,0,0
P582,-1,0,0,0
P582,0,1,-1,-1
P582,0,1,0,0
P582,0,0,0,1
P583,1,0,-1,0
P583,0,1,0,1
P583,0,-1,-1,0
P583,0,0,0,1
P583,0,0,0,1
P584,0,1,0,-1
P584,0,1,-1,0
P584,1,1,-1,1
P584,0,0,0,1
P584,0,0,0,1
P585,0,0,1,1
P585,1,-1,0,-1
P585,-1,0,1,-1
P585,-1,0,0,0
P585,0,0,0,1
P586,-1,1,1,0
P586,1,0,0,0
P586,-1,1,-1,-1
P586,-1,0,1,0
P586,0,0,0,1
P587,1,0,0,0
P587,-1,-1,1,0
P587,-1,0,1,-1
P587,0,0,-1,0
P587,0,0,0,1
P588,-1,0,1,1
P588,1,0,-1,0
P588,0,0,1,1
P588,0,0,-1,-1
P588,0,0,0,1
P589,0,1,-1,0
P589,1,0,-1,0
P589,0,0,-1,1
P589,1,-1,-1,0
P589,0,0,0,1
P590,0,0,0,1
P590,0,0,-1,1
P590,0,1,1,-1
P590,1,-1,0,-1
P590,0,0,0,1
P591,0,0,0,-1
P591,0,1,0,0
P591,-1,-1,-1,0
P591,0,-1,1,0
P591,0,0,0,1
P592,-1,0,1,1
P592,0,-1,0,0
P592,1,1,1,0
P592,-1,1,0,1
P592,0,0,0,1
P593,0,-1,-1,-1
P593,0,0,1,0
P593,-1,1,0,0
P593,0,0,0,-1
P593,0,0,0,1
P594,1,-1,0,0
P594,0,0,-1,0
P594,0,-1,0,1
P594,0,1,0,0
P594,0,0,0,1
P595,1,0,0,-1
P595,-1,0,0,-1
P595,0,1,0,0
P595,-1,-1,0,1
P595,0,0,0,1
P596,-1,-1,1,-1
P596,-1,1,0,1
P596,0,0,-1,1
P596,0,-1,0,0
P596,0,0,0,1
P597,1,0,0,1
P597,0,0,1,0
P597,-1,0,1,1
P597,-1,0,0,0
P597,0,0,0,1
P598,-1,0,0,-1
P598,0,0,-1,0
P598,-1,1,0,0
P598,1,0,1,1
P598,0,0,0,1
P599,1,0,0,1
P599,-1,1,0,1
P599,1,0,0,-1
P599,-1,1,1,0
P599,0,0,0,1
P600,0,-1,0,0
P600,-1,0,1,0
P600,0,-1,0,-1
P600,0,1,1,1
P600,0,0,0,1
P601,-1,-1,1,0
P601,-1,0,-1,1
P601,-1,1,1,0
P601,0,1,-1,0
P601,0,0,0,1
P602,1,0,0,0
P602,0,1,-1,1
P602,-1,0,0,-1
P602,-1,0,0,0
P602,0,0,0,0
P603,0,0,-1,1
P603,0,1,-1,0
P603,0,0,1,0
P603,0,1,-1,1
P603,0,0,0,1
P604,1,0,1,0
P604,1,0,-1,1
P604,0,1,0,0
P604,0,1,-1,-1
P604,0,0,0,1
P605,1,0,0,0
P605,0,0,1,0
P605,1,1,0,0
P605,-1,-1,0,0
P605,0,0,0,1
P606,-1,0,1,-1
P606,0,0,0,-1
P606,1,-1,1,0
P606,1,0,1,-1
P606,0,0,0,1
P607,0,1,-1,1
P607,1,1,0,1
P607,0,0,-1,1
P607,0,1,-1,1
P607,0,0,0,1
P608,0,0,1,1
P608,0,-1,0,0
P608,0,0,-1,1
P608,0,-1,0,1
P608,0,0,0,1
P609,0,0,0,-1
P609,1,0,1,1
P609,-1,0,0,0
P609,0,1,0,0
P609,0,0,0,1
P610,1,1,-1,0
P610,0,1,1,0
P610,0,0,0,1
P610,0,0,-1,0
P610,0,0,0,1
P611,0,-1,0,0
P611,0,0,0,1
P611,-1,0,-1,0
P611,1,0,0,0
P611,0,0,0,1
P612,0,1,1,0
P612,0,1,0,0
P612,0,0,-1,1
P612,1,1,1,0
P612,0,0,0,1
P613,-1,0,1,-1
P613,1,0,0,0
P613,0,1,0,0
P613,0,1,-1,0
P613,0,0,0,1
P614,0,0,-1,0
P614,0,-1,-1,0
P614,0,0,0,1
P614,1,1,0,0
P614,0,0,0,1
P615,1,0,0,1
P615,0,1,1,0
P615,0,1,0,0
P615,-1,0,1,0
P615,0,0,0,1
P616,0,-1,1,1
P616,0,0,-1,0
P616,1,0,0,0
P616,0,1,0,0
P616,0,0,0,1
P617,0,0,1,0
P617,0,1,0,0
P617,0,1,0,0
P617,0,-1,-1,0
P617,0,0,0,1
P618,0,0,0,-1
P618,0,0,1,1
P618,0,0,-1,1
P618,1,-1,1,0
P618,0,0,0,1
P619,1,0,0,0
P619,0,1,-1,0
P619,0,-1,0,0
P619,0,1,-1,-1
P619,0,0,0,1
P620,-1,0,0,0
P620,1,-1,0,1
P620,-1,1,0,1
P620,0,0,1,1
P620,0,0,0,1
P621,-1,0,-1,0
P621,0,-1,0,1
P621,0,1,0,0
P621,-1,0,0,1
P621,0,0,0,1
P622,0,1,1,1
P622,-1,0,0,0
P622,1,0,-1,-1
P622,0,0,-1,0
P622,0,0,0,1
P623,1,0,1,-1
P623,1,1,1,0
P623,0,0,-1,0
P623,-1,0,-1,0
P623,0,0,0,1
P624,-1,0,0,0
P624,0,0,1,0
P624,0,1,0,0
P624,-1,0,1,0
P624,0,0,0,1
P625,1,0,0,0
P625,1,0,1,-1
P625,0,-1,0,0
P625,0,1,0,0
P625,0,0,0,0
P626,0,-1,0,0
P626,0,0,1,0
P626,0,1,1,0
P626,0,0,1,0
P626,0,0,0,1
P627,0,0,1,0
P627,1,-1,-1,0
P627,0,0,-1,1
P627,-1,0,-1,-1
P627,0,0,0,1
P628,0,0,1,0
P628,1,1,0,-1
P628,0,0,0,1
P628,0,0,1,0
P628,0,0,0,1
P629,1,0,0,0
P629,0,0,0,-1
P629,0,-1,0,0
P629,-1,-1,1,0
P629,0,0,0,1
P630,0,0,1,0
P630,1,0,-1,0
P630,0,1,1,0
P630,1,1,-1,1
P630,0,0,0,1
P631,0,-1,0,-1
P631,0,-1,-1,0
P631,1,0,1,-1
P631,-1,1,0,1
P631,0,0,0,1
P632,1,-1,0,0
P632,-1,0,1,1
P632,1,1,1,0
P632,0,-1,0,0
P632,0,0,0,1
P633,0,1,0,0
P633,-1,0,0,0
P633,1,-1,0,0
P633,1,0,0,1
P633,0,0,0,1
P634,0,0,0,1
P634,-1,-1,0,1
P634,0,0,-1,0
P634,0,1,1,1
P634,0,0,0,1
P635,1,0,0,1
P635,1,0,0,0
P635,0,0,0,-1
P635,1,0,0,1
P635,0,0,0,1
P636,1,0,0,0
P636,1,-1,0,0
P636,0,0,-1,0
P636,0,1,0,0
P636,0,0,0,1
P637,0,0,1,-1
P637,0,1,0,0
P637,0,1,0,1
P637,-1,1,0,0
P637,0,0,0,1
P638,1,1,1,0
P638,-1,0,0,1
P638,0,1,1,0
P638,-1,-1,0,0
P638,0,0,0,1
P639,0,-1,0,0
P639,-1,0,0,0
P639,0,-1,0,0
P639,0,1,0,-1
P639,0,0,0,1
P640,-1,0,0,0
P640,0,-1,0,-1
P640,1,1,1,0
P640,0,1,-1,0
P640,0,0,0,1
P641,0,0,0,-1
P641,0,1,0,-1
P641,0,1,0,-1
P641,0,0,-1,-1
P641,0,0,0,1
P642,1,0,1,0
P642,0,0,1,0
P642,0,1,0,1
P642,-1,-1,1,0
P642,0,0,0,1
P643,0,-1,0,1
P643,1,1,0,0
P643,-1,0,0,-1
P643,1,-1,0,0
P643,0,0,0,1
P644,0,0,-1,1
P644,0,1,0,0
P644,1,0,1,-1
P644,1,0,0,1
P644,0,0,0,1
P645,0,1,1,0
P645,0,1,-1,0
P645,-1,0,0,1
P645,0,0,1,-1
P645,0,0,0,1
P646,1,0,0,0
P646,0,1,1,0
P646,0,0,1,0
P646,0,0,0,1
P646,0,0,0,1
P647,-1,0,0,1
P647,-1,0,-1,0
P647,0,-1,0,1
P647,-1,0,-1,-1
P647,0,0,0,1
P648,-1,0,0,1
P648,1,0,-1,0
P648,0,-1,1,1
P648,1,0,0,0
P648,0,0,0,1
P649,0,0,0,1
P649,0,-1,-1,0
P649,0,1,0,1
P649,-1,0,0,1
P649,0,0,0,1
P650,-1,0,1,-1
P650,1,-1,0,0
P650,0,1,0,1
P650,1,-1,1,-1
P650,0,0,0,1
P651,1,0,0,0
P651,0,-1,0,0
P651,-1,1,0,0
P651,-1,0,0,0
P651,0,0,0,0
P652,1,0,0,0
P652,0,0,0,1
P652,1,0,-1,0
P652,0,0,0,1
P652,0,0,0,1
P653,0,0,1,0
P653,0,1,0,0
P653,0,0,1,1
P653,0,0,1,1
P653,0,0,0,1
P654,1,0,0,-1
P654,0,0,0,-1
P654,0,0,-1,1
P654,1,0,0,0
P654,0,0,0,1
P655,-1,-1,0,0
P655,0,-1,0,0
P655,0,1,1,0
P655,0,1,0,-1
P655,0,0,0,1
P656,0,1,0,-1
P656,0,1,0,1
P656,0,0,0,1
P656,0,1,0,-1
P656,0,0,0,1
P657,0,0,-1,0
P657,0,1,-1,-1
P657,1,0,0,0
P657,1,-1,1,1
P657,0,0,0,1
P658,0,0,-1,1
P658,-1,0,-1,1
P658,1,0,-1,1
P658,-1,0,-1,0
P658,0,0,0,1
P659,0,0,-1,0
P659,-1,0,0,1
P659,1,1,0,0
P659,1,-1,-1,0
P659,0,0,0,1
P660,-1,0,0,-1
P660,-1,0,0,0
P660,1,0,0,0
P660,0,0,0,1
P660,0,0,0,0
P661,0,0,1,1
P661,0,0,-1,0
P661,0,0,0,1
P661,0,1,1,0
P661,0,0,0,1
P662,1,0,0,0
P662,-1,0,-1,1
P662,1,-1,-1,1
P662,-1,0,0,1
P662,0,0,0,1
P663,-1,1,0,0
P663,1,0,0,0
P663,-1,0,-1,-1
P663,-1,0,1,-1
P663,0,0,0,1
P664,0,-1,0,0
P664,0,0,0,1
P664,1,0,0,0
P664,-1,0,-1,1
P664,0,0,0,1
P665,0,0,1,-1
P665,1,0,1,1
P665,1,1,0,0
P665,0,0,-1,0
P665,0,0,0,1
P666,-1,0,-1,1
P666,0,1,-1,-1
P666,-1,-1,1,1
P666,0,1,0,1
P666,0,0,0,1
P667,0,0,1,0
P667,0,-1,1,0
P667,-1,0,1,0
P667,0,0,-1,1
P667,0,0,0,1
P668,0,-1,-1,-1
P668,-1,0,0,-1
P668,0,0,1,-1
P668,0,-1,1,0
P668,0,0,0,1
P669,-1,1,0,-1
P669,-1,0,1,1
P669,-1,1,-1,0
P669,-1,1,0,1
P669,0,0,0,1
P670,0,1,0,0
P670,1,0,0,0
P670,-1,1,0,0
P670,0,1,0,0
P670,0,0,0,1
P671,0,0,1,1
P671,-1,1,0,1
P671,1,0,-1,-1
P671,1,1,1,-1
P671,0,0,0,1
P672,-1,0,-1,0
P672,1,-1,0,0
P672,1,1,0,1
P672,0,0,0,1
P672,0,0,0,1
P673,0,1,1,0
P673,1,-1,0,0
P673,0,0,-1,1
P673,0,1,1,0
P673,0,0,0,1
P674,0,1,0,0
P674,-1,-1,0,-1
P674,1,1,1,0
P674,1,0,-1,0
P674,0,0,0,1
P675,0,1,1,0
P675,1,-1,0,0
P675,-1,0,1,1
P675,0,1,-1,0
P675,0,0,0,1
P676,-1,0,1,-1
P676,-1,0,0,0
P676,1,-1,1,0
P676,0,-1,-1,0
P676,0,0,0,1
P677,0,-1,0,1
P677,1,-1,-1,0
P677,1,1,1,0
P677,1,1,0,-1
P677,0,0,0,1
P678,0,1,0,1
P678,0,0,1,0
P678,0,0,1,0
P678,-1,0,-1,0
P678,0,0,0,1
P679,0,1,0,-1
P679,0,0,1,0
P679,0,-1,0,1
P679,1,-1,0,0
P679,0,0,0,1
P680,1,1,0,0
P680,0,1,0,0
P680,0,1,0,0
P680,0,-1,0,0
P680,0,0,0,0
P681,-1,0,0,0
P681,-1,0,-1,1
P681,0,0,-1,0
P681,0,0,0,1
P681,0,0,0,1
P682,0,1,0,0
P682,0,1,0,0
P682,0,1,0,1
P682,0,1,-1,0
P682,0,0,0,1
P683,0,-1,0,1
P683,1,0,-1,0
P683,0,-1,1,0
P683,-1,-1,0,-1
P683,0,0,0,1
P684,-1,0,-1,1
P684,1,0,-1,0
P684,1,0,0,1
P684,1,0,0,0
P684,0,0,0,1
P685,-1,0,0,0
P685,-1,-1,0,0
P685,0,1,0,0
P685,0,-1,0,0
P685,0,0,0,1
P686,0,0,-1,0
P686,1,1,0,1
P686,0,0,-1,1
P686,1,0,0,1
P686,0,0,0,1
P687,0,0,0,1
P687,1,0,0,0
P687,0,0,1,1
P687,0,0,-1,0
P687,0,0,0,1
P688,1,0,0,0
P688,1,0,-1,-1
P688,-1,0,0,0
P688,0,-1,-1,0
P688,0,0,0,0
P689,-1,1,0,1
P689,-1,0,0,0
P689,0,1,0,1
P689,0,0,0,-1
P689,0,0,0,1
P690,0,0,-1,-1
P690,-1,0,-1,-1
P690,0,0,-1,0
P690,-1,0,0,0
P690,0,0,0,1
P691,0,1,0,0
P691,0,-1,-1,0
P691,1,0,0,1
P691,0,1,0,1
P691,0,0,0,1
P692,-1,1,0,1
P692,1,-1,0,1
P692,-1,0,0,0
P692,0,-1,0,1
P692,0,0,0,1
P693,0,0,1,0
P693,-1,0,0,-1
P693,1,-1,1,0
P693,0,0,-1,0
P693,0,0,0,0
P694,0,-1,0,1
P694,-1,-1,0,-1
P694,-1,0,1,0
P694,1,0,1,-1
P694,0,0,0,1
P695,0,1,1,-1
P695,1,0,1,0
P695,1,1,-1,0
P695,0,-1,1,0
P695,0,0,0,1
P696,0,-1,0,1
P696,1,0,0,0
P696,0,0,1,1
P696,0,0,-1,0
P696,0,0,0,1
P697,0,0,0,-1
P697,0,0,1,0
P697,-1,-1,-1,-1
P697,1,0,1,-1
P697,0,0,0,1
P698,0,0,1,0
P698,0,-1,-1,1
P698,-1,0,0,1
P698,0,1,0,1
P698,0,0,0,1
P699,1,-1,1,0
P699,0,0,1,1
P699,1,1,1,1
P699,-1,-1,-1,0
P699,0,0,0,1
P700,-1,1,-1,1
P700,0,1,0,1
P700,0,0,0,-1
P700,0,0,0,-1
P700,0,0,0,1
P701,0,1,1,0
P701,0,-1,1,0
P701,1,0,1,-1
P701,0,-1,-1,0
P701,0,0,0,1
P702,1,0,1,0
P702,1,0,0,0
P702,1,-1,0,-1
P702,0,1,1,-1
P702,0,0,0,1
P703,-1,1,0,0
P703,0,0,0,1
P703,0,1,1,0
P703,0,1,1,0
P703,0,0,0,1
P704,0,0,1,-1
P704,1,0,-1,-1
P704,1,1,0,1
P704,-1,1,0,1
P704,0,0,0,1
P705,0,-1,1,0
P705,1,0,0,-1
P705,1,1,0,0
P705,0,-1,0,1
P705,0,0,0,1
P706,1,1,1,0
P706,0,0,1,-1
P706,1,-1,0,0
P706,-1,0,0,1
P706,0,0,0,1
P707,0,0,1,0
P707,0,-1,0,-1
P707,0,1,0,1
P707,0,0,-1,1
P707,0,0,0,1
P708,0,0,1,1
P708,0,0,0,1
P708,0,1,0,0
P708,0,-1,0,-1
P708,0,0,0,1
P709,1,1,-1,1
P709,0,1,0,1
P709,-1,0,0,0
P709,1,-1,0,0
P709,0,0,0,1
P710,0,0,1,1
P710,0,-1,-1,0
P710,1,0,-1,-1
P710,1,-1,0,1
P710,0,0,0,1
P711,0,0,1,0
P711,0,1,0,0
P711,0,0,1,0
P711,0,0,-1,0
P711,0,0,0,0
P712,1,0,1,0
P712,0,1,0,1
P712,1,0,-1,-1
P712,0,1,1,0
P712,0,0,0,1
P713,-1,1,0,-1
P713,0,0,0,-1
P713,0,1,-1,-1
P713,1,1,0,-1
P713,0,0,0,1
P714,0,1,0,1
P714,0,0,0,-1
P714,1,0,-1,0
P714,1,-1,1,0
P714,0,0,0,1
P715,0,1,0,1
P715,1,0,0,1
P715,1,0,0,0
P715,1,1,1,1
P715,0,0,0,1
P716,-1,0,1,0
P716,-1,1,1,0
P716,1,1,0,0
P716,1,1,0,0
P716,0,0,0,1
P717,0,1,1,0
P717,1,-1,1,0
P717,1,-1,1,0
P717,0,0,-1,0
P717,0,0,0,1
P718,-1,1,0,-1
P718,0,0,0,-1
P718,0,0,-1,0
P718,-1,1,1,1
P718,0,0,0,1
P719,-1,0,0,0
P719,0,0,1,1
P719,1,0,0,1
P719,-1,1,0,0
P719,0,0,0,1
P720,-1,0,0,-1
P720,0,-1,0,0
P720,1,0,-1,1
P720,1,0,1,0
P720,0,0,0,1
P721,0,0,1,-1
P721,0,0,-1,0
P721,0,0,0,1
P721,1,0,1,0
P721,0,0,0,1
P722,-1,0,0,1
P722,0,1,1,0
P722,0,1,0,1
P722,-1,0,0,0
P722,0,0,0,1
P723,1,0,1,-1
P723,1,0,1,-1
P723,-1,0,0,0
P723,0,1,1,0
P723,0,0,0,1
P724,1,0,1,0
P724,0,1,0,1
P724,0,0,1,1
P724,1,0,0,0
P724,0,0,0,1
P725,0,1,0,1
P725,0,-1,-1,1
P725,1,0,1,1
P725,0,0,0,1
P725,0,0,0,1
P726,0,0,-1,-1
P726,-1,0,0,0
P726,-1,1,1,-1
P726,0,1,-1,-1
P726,0,0,0,1
P727,0,-1,0,-1
P727,-1,0,-1,0
P727,0,-1,0,1
P727,0,0,0,-1
P727,0,0,0,1
P728,1,0,1,-1
P728,0,1,1,0
P728,1,0,0,1
P728,-1,0,-1,-1
P728,0,0,0,1
P729,-1,1,0,-1
P729,-1,0,0,1
P729,-1,0,1,0
P729,-1,1,0,0
P729,0,0,0,1
P730,-1,-1,-1,0
P730,0,0,1,1
P730,0,0,-1,0
P730,-1,-1,-1,0
P730,0,0,0,1
P731,0,1,1,0
P731,0,0,1,0
P731,1,0,0,1
P731,-1,0,0,0
P731,0,0,0,1
P732,0,0,0,1
P732,1,0,0,-1
P732,1,1,0,-1
P732,0,1,0,0
P732,0,0,0,1
P733,0,1,0,1
P733,0,0,-1,0
P733,0,0,0,1
P733,1,0,0,1
P733,0,0,0,1
P734,0,1,0,1
P734,0,-1,0,0
P734,-1,0,1,0
P734,0,0,-1,-1
P734,0,0,0,1
P735,0,0,1,0
P735,0,1,1,0
P735,0,1,0,0
P735,0,-1,1,-1
P735,0,0,0,1
P736,0,0,0,-1
P736,0,-1,1,-1
P736,0,0,1,0
P736,1,1,-1,0
P736,0,0,0,1
P737,0,-1,0,0
P737,0,-1,1,0
P737,1,1,0,0
P737,0,-1,1,0
P737,0,0,0,1
P738,0,-1,-1,0
P738,0,0,1,0
P738,0,0,0,-1
P738,-1,0,0,0
P738,0,0,0,1
P739,0,-1,1,0
P739,-1,-1,0,1
P739,0,-1,0,0
P739,0,0,-1,0
P739,0,0,0,1
P740,-1,0,0,0
P740,0,1,0,-1
P740,1,0,-1,1
P740,0,-1,-1,-1
P740,0,0,0,1
P741,0,0,-1,0
P741,-1,-1,0,-1
P741,-1,-1,-1,0
P741,1,0,0,0
P741,0,0,0,1
P742,0,0,0,-1
P742,1,1,-1,0
P742,-1,1,0,1
P742,-1,0,0,0
P742,0,0,0,1
P743,0,-1,0,0
P743,-1,0,1,-1
P743,0,1,-1,0
P743,1,0,1,0
P743,0,0,0,1
P744,1,1,0,1
P744,0,-1,1,0
P744,1,0,1,-1
P744,1,0,-1,-1
P744,0,0,0,1
P745,-1,1,-1,0
P745,0,0,-1,1
P745,1,0,0,0
P745,0,0,1,0
P745,0,0,0,1
P746,0,1,0,-1
P746,0,0,1,0
P746,0,0,1,0
P746,1,1,0,0
P746,0,0,0,1
P747,0,-1,0,1
P747,1,1,0,1
P747,0,0,0,1
P747,1,-1,1,0
P747,0,0,0,1
P748,1,0,0,0
P748,1,0,1,-1
P748,0,-1,1,0
P748,1,-1,1,0
P748,0,0,0,1
P749,1,-1,-1,-1
P749,0,0,0,-1
P749,0,0,1,0
P749,1,1,1,1
P749,0,0,0,1
P750,0,0,1,0
P750,0,-1,0,-1
P750,-1,0,1,1
P750,1,0,-1,0
P750,0,0,0,1
P751,0,1,0,0
P751,1,-1,0,0
P751,0,0,-1,-1
P751,0,0,1,1
P751,0,0,0,1
P752,0,-1,0,-1
P752,0,0,-1,1
P752,1,0,-1,0
P752,0,0,0,1
P752,0,0,0,1
P753,1,-1,-1,-1
P753,1,-1,1,0
P753,0,1,0,1
P753,0,-1,0,1
P753,0,0,0,1
P754,1,0,0,1
P754,0,0,0,-1
P754,0,-1,1,0
P754,-1,1,1,0
P754,0,0,0,1
P755,0,-1,1,0
P755,1,0,0,0
P755,1,1,1,-1
P755,1,0,1,0
P755,0,0,0,1
P756,-1,0,0,1
P756,1,0,1,-1
P756,1,0,0,1
P756,0,-1,0,0
P756,0,0,0,1
P757,0,-1,0,0
P757,1,-1,0,1
P757,0,-1,0,1
P757,0,0,1,0
P757,0,0,0,1
P758,-1,1,1,0
P758,0,1,0,-1
P758,1,0,0,0
P758,0,0,1,0
P758,0,0,0,1
P759,-1,-1,-1,0
P759,-1,1,1,1
P759,-1,1,0,0
P759,1,0,0,0
P759,0,0,0,1
P760,0,-1,0,0
P760,0,-1,0,0
P760,0,-1,0,0
P760,-1,0,0,0
P760,0,0,0,1
P761,1,0,0,1
P761,0,1,0,1
P761,0,-1,0,1
P761,1,1,0,1
P761,0,0,0,1
P762,0,0,-1,1
P762,0,-1,0,1
P762,0,-1,0,0
P762,0,0,1,0
P762,0,0,0,1
P763,1,0,0,0
P763,-1,-1,-1,0
P763,0,0,1,1
P763,0,0,1,-1
P763,0,0,0,1
P764,0,-1,1,1
P764,1,0,-1,0
P764,-1,1,-1,0
P764,1,0,0,0
P764,0,0,0,1
P765,0,1,-1,-1
P765,0,0,0,1
P765,-1,0,0,0
P765,1,0,1,0
P765,0,0,0,1
P766,1,0,1,-1
P766,1,-1,-1,-1
P766,-1,0,0,0
P766,-1,-1,1,0
P766,0,0,0,1
P767,0,0,1,-1
P767,1,0,1,0
P767,1,-1,-1,0
P767,0,0,0,-1
P767,0,0,0,1
P768,1,1,0,0
P768,0,0,1,0
P768,1,0,-1,0
P768,1,0,1,0
P768,0,0,0,1
P769,1,0,1,1
P769,0,1,0,-1
P769,0,-1,0,-1
P769,0,0,0,1
P769,0,0,0,1
P770,1,0,1,0
P770,-1,1,1,0
P770,0,0,1,0
P770,-1,0,1,0
P770,0,0,0,1
P771,1,0,-1,-1
P771,-1,0,1,0
P771,1,0,0,0
P771,0,0,1,0
P771,0,0,0,1
P772,1,0,1,0
P772,0,0,0,-1
P772,0,0,1,0
P772,-1,1,-1,-1
P772,0,0,0,1
P773,0,1,0,1
P773,0,0,-1,0
P773,-1,0,1,0
P773,0,0,0,1
P773,0,0,0,1
P774,0,-1,0,0
P774,-1,-1,-1,0
P774,1,1,0,0
P774,0,0,1,0
P774,0,0,0,1
P775,0,0,0,-1
P775,-1,0,-1,0
P775,0,0,-1,1
P775,1,0,0,0
P775,0,0,0,1
P776,0,0,1,1
P776,0,1,0,-1
P776,1,0,0,1
P776,-1,0,0,0
P776,0,0,0,1
P777,-1,0,0,-1
P777,0,1,0,0
P777,0,0,0,-1
P777,0,0,1,1
P777,0,0,0,1
P778,0,0,-1,0
P778,-1,0,0,0
P778,0,0,1,-1
P778,0,0,1,0
P778,0,0,0,1
P779,-1,-1,0,1
P779,0,-1,0,0
P779,0,-1,-1,0
P779,1,1,1,0
P779,0,0,0,1
P780,1,0,1,-1
P780,0,-1,0,0
P780,-1,0,-1,0
P780,1,0,1,0
P780,0,0,0,1
P781,1,-1,0,0
P781,0,0,1,0
P781,1,1,0,0
P781,-1,0,0,0
P781,0,0,0,1
P782,1,0,0,1
P782,0,-1,0,1
P782,1,0,-1,0
P782,0,-1,1,0
P782,0,0,0,1
P783,0,-1,-1,0
P783,1,0,1,0
P783,0,0,0,1
P783,0,1,-1,0
P783,0,0,0,1
P784,1,1,0,0
P784,0,0,-1,1
P784,-1,0,0,0
P784,1,1,0,0
P784,0,0,0,1
P785,1,0,0,0
P785,0,-1,1,0
P785,0,-1,1,0
P785,0,1,1,0
P785,0,0,0,1
P786,1,0,1,1
P786,0,1,0,1
P786,0,1,0,0
P786,1,0,-1,1
P786,0,0,0,1
P787,1,0,0,0
P787,0,1,0,0
P787,0,0,0,-1
P787,1,0,0,1
P787,0,0,0,1
P788,-1,1,1,1
P788,0,1,0,1
P788,-1,1,0,0
P788,0,0,0,-1
P788,0,0,0,1
P789,0,1,0,0
P789,0,1,1,-1
P789,0,0,1,0
P789,-1,0,1,0
P789,0,0,0,1
P790,1,1,0,0
P790,0,1,1,0
P790,0,0,1,0
P790,0,1,0,1
P790,0,0,0,1
P791,-1,1,0,1
P791,1,0,0,0
P791,-1,1,-1,0
P791,0,-1,0,-1
P791,0,0,0,1
P792,0,0,-1,1
P792,1,0,0,-1
P792,0,0,0,1
P792,0,-1,0,1
P792,0,0,0,1
P793,0,-1,1,0
P793,0,0,1,1
P793,0,-1,0,0
P793,-1,-1,1,0
P793,0,0,0,1
P794,0,1,0,0
P794,1,0,1,1
P794,0,1,1,-1
P794,0,1,1,-1
P794,0,0,0,1
P795,0,0,-1,1
P795,-1,-1,0,-1
P795,0,1,-1,0
P795,-1,1,-1,0
P795,0,0,0,1
P796,1,1,0,0
P796,0,0,-1,1
P796,1,1,0,1
P796,0,0,-1,-1
P796,0,0,0,1
P797,-1,0,0,0
P797,0,1,0,-1
P797,0,-1,-1,0
P797,-1,-1,1,0
P797,0,0,0,1
P798,-1,1,0,0
P798,0,0,1,0
P798,0,1,1,0
P798,0,1,0,0
P798,0,0,0,1
P799,1,1,0,0
P799,0,1,-1,0
P799,0,0,-1,1
P799,-1,-1,-1,0
P799,0,0,0,1
P800,1,0,0,0
P800,0,1,1,-1
P800,-1,0,0,-1
P800,-1,-1,0,0
P800,0,0,0,1
P801,1,0,-1,-1
P801,0,-1,-1,0
P801,1,-1,0,-1
P801,-1,0,1,1
P801,0,0,0,1
P802,0,1,0,1
P802,-1,0,0,1
P802,-1,0,-1,0
P802,0,0,0,1
P802,0,0,0,1
P803,0,1,0,0
P803,0,-1,1,-1
P803,0,1,1,0
P803,0,-1,1,0
P803,0,0,0,1
P804,0,-1,-1,-1
P804,-1,0,0,0
P804,1,0,0,1
P804,-1,-1,1,0
P804,0,0,0,1
P805,0,0,0,1
P805,0,-1,0,0
P805,0,1,0,1
P805,0,-1,0,0
P805,0,0,0,1
P806,0,-1,-1,0
P806,0,1,0,0
P806,-1,0,0,-1
P806,1,-1,0,0
P806,0,0,0,1
P807,1,0,0,-1
P807,0,1,0,-1
P807,0,1,1,0
P807,1,0,-1,0
P807,0,0,0,1
P808,0,0,1,1
P808,0,0,0,-1
P808,0,1,-1,1
P808,1,1,0,1
P808,0,0,0,1
P809,0,-1,0,0
P809,0,1,-1,0
P809,1,-1,0,0
P809,-1,0,0,1
P809,0,0,0,1
P810,0,1,1,0
P810,0,1,0,0
P810,0,0,-1,1
P810,1,0,1,0
P810,0,0,0,1
P811,0,0,1,0
P811,-1,0,-1,0
P811,0,0,0,-1
P811,0,-1,1,1
P811,0,0,0,1
P812,0,-1,1,0
P812,1,0,1,1
P812,1,-1,1,0
P812,0,1,1,0
P812,0,0,0,1
P813,0,1,0,-1
P813,0,-1,-1,0
P813,0,1,0,0
P813,0,0,-1,0
P813,0,0,0,1
P814,0,0,-1,0
P814,1,-1,1,1
P814,1,0,1,-1
P814,0,1,0,0
P814,0,0,0,1
P815,0,1,-1,1
P815,0,0,0,-1
P815,1,0,0,0
P815,-1,0,0,0
P815,0,0,0,0
P816,-1,0,0,-1
P816,-1,0,0,1
P816,0,0,1,0
P816,1,0,-1,1
P816,0,0,0,1
P817,0,1,0,-1
P817,1,1,0,0
P817,0,1,0,1
P817,0,0,-1,1
P817,0,0,0,1
P818,0,1,1,0
P818,-1,-1,0,0
P818,0,1,-1,0
P818,0,1,1,-1
P818,0,0,0,1
P819,1,0,1,-1
P819,0,-1,-1,0
P819,1,-1,1,0
P819,0,1,0,0
P819,0,0,0,1
P820,1,1,0,1
P820,0,-1,0,1
P820,-1,1,-1,0
P820,0,-1,0,1
P820,0,0,0,1
P821,1,0,1,0
P821,0,1,0,0
P821,0,0,-1,1
P821,0,1,-1,1
P821,0,0,0,1
P822,0,-1,0,-1
P822,1,0,0,0
P822,-1,1,0,1
P822,0,0,-1,-1
P822,0,0,0,1
P823,1,0,1,0
P823,0,0,0,-1
P823,1,0,0,1
P823,1,0,1,0
P823,0,0,0,1
P824,0,-1,1,1
P824,0,-1,0,0
P824,0,-1,1,0
P824,-1,0,0,0
P824,0,0,0,1
P825,-1,0,1,0
P825,0,0,0,-1
P825,1,-1,-1,0
P825,1,0,0,0
P825,0,0,0,1
P826,1,1,0,0
P826,1,0,1,0
P826,1,-1,0,0
P826,0,0,1,0
P826,0,0,0,1
P827,1,0,0,0
P827,-1,-1,0,0
P827,1,1,-1,-1
P827,-1,0,-1,0
P827,0,0,0,1
P828,0,0,1,0
P828,1,1,-1,0
P828,-1,-1,-1,1
P828,0,0,0,1
P828,0,0,0,1
P829,1,0,0,1
P829,1,1,0,0
P829,0,0,0,-1
P829,1,1,-1,1
P829,0,0,0,1
P830,-1,0,1,1
P830,0,0,-1,-1
P830,0,-1,0,1
P830,-1,-1,1,0
P830,0,0,0,1
P831,0,1,0,0
P831,0,-1,0,1
P831,0,0,1,0
P831,-1,-1,-1,1
P831,0,0,0,1
P832,1,-1,0,0
P832,0,-1,0,-1
P832,0,0,0,-1
P832,0,0,1,-1
P832,0,0,0,1
P833,0,-1,0,1
P833,0,0,0,1
P833,0,0,0,1
P833,1,0,0,-1
P833,0,0,0,1
P834,0,1,0,0
P834,0,-1,1,-1
P834,0,1,-1,0
P834,0,0,0,1
P834,0,0,0,1
P835,0,0,-1,-1
P835,0,1,1,0
P835,-1,1,1,0
P835,1,-1,0,1
P835,0,0,0,1
P836,1,0,0,-1
P836,-1,1,1,0
P836,0,1,0,1
P836,0,0,1,0
P836,0,0,0,1
P837,-1,0,0,0
P837,0,1,0,1
P837,0,0,1,1
P837,1,0,-1,0
P837,0,0,0,1
P838,0,0,1,0
P838,-1,0,0,1
P838,1,-1,0,0
P838,0,0,0,1
P838,0,0,0,1
P839,0,1,1,-1
P839,1,1,-1,0
P839,0,0,-1,-1
P839,0,0,1,0
P839,0,0,0,1
P840,-1,1,1,0
P840,-1,0,1,1
P840,1,-1,1,0
P840,0,0,-1,1
P840,0,0,0,1
P841,1,0,1,0
P841,0,1,-1,0
P841,1,1,0,-1
P841,0,0,0,-1
P841,0,0,0,1
P842,0,-1,0,-1
P842,0,1,0,-1
P842,1,0,0,0
P842,0,1,-1,0
P842,0,0,0,1
P843,1,1,0,0
P843,0,-1,1,1
P843,0,0,1,1
P843,0,0,-1,-1
P843,0,0,0,1
P844,0,1,0,0
P844,0,0,-1,0
P844,1,-1,0,0
P844,0,1,0,0
P844,0,0,0,1
P845,0,0,1,0
P845,1,1,0,0
P845,0,0,-1,0
P845,0,1,1,0
P845,0,0,0,0
P846,0,-1,0,0
P846,0,1,-1,1
P846,0,0,1,-1
P846,1,0,-1,1
P846,0,0,0,1
P847,0,-1,0,1
P847,0,0,1,0
P847,0,1,1,0
P847,1,0,1,-1
P847,0,0,0,1
P848,-1,-1,-1,0
P848,1,1,-1,1
P848,0,0,1,-1
P848,0,1,0,0
P848,0,0,0,1
P849,0,0,1,0
P849,1,-1,0,0
P849,-1,0,0,0
P849,-1,0,0,0
P849,0,0,0,1
P850,-1,1,-1,0
P850,1,1,-1,0
P850,0,1,1,1
P850,0,0,0,1
P850,0,0,0,1
P851,0,0,-1,0
P851,1,0,-1,1
P851,0,0,0,1
P851,1,-1,0,0
P851,0,0,0,1
P852,-1,0,0,-1
P852,0,0,-1,1
P852,0,1,-1,0
P852,0,-1,0,1
P852,0,0,0,1
P853,1,0,1,1
P853,0,-1,0,0
P853,1,0,0,0
P853,1,-1,0,0
P853,0,0,0,1
P854,0,0,0,1
P854,0,1,-1,-1
P854,1,0,0,1
P854,-1,1,-1,1
P854,0,0,0,1
P855,1,0,0,0
P855,0,0,1,0
P855,0,-1,0,0
P855,1,0,0,0
P855,0,0,0,1
P856,0,-1,1,1
P856,0,1,0,-1
P856,0,0,-1,-1
P856,0,0,0,1
P856,0,0,0,1
P857,0,0,-1,1
P857,0,-1,1,-1
P857,1,-1,-1,1
P857,-1,0,0,0
P857,0,0,0,1
P858,0,-1,0,1
P858,0,1,0,1
P858,0,0,0,1
P858,-1,0,1,1
P858,0,0,0,1
P859,0,1,0,1
P859,0,-1,0,0
P859,0,1,0,0
P859,0,0,0,1
P859,0,0,0,1
P860,0,1,1,1
P860,1,1,-1,-1
P860,-1,-1,0,0
P860,0,1,1,1
P860,0,0,0,1
P861,0,0,-1,0
P861,-1,0,0,-1
P861,0,-1,0,0
P861,0,1,1,0
P861,0,0,0,0
P862,1,1,0,1
P862,0,-1,0,0
P862,0,1,0,-1
P862,0,0,1,1
P862,0,0,0,1
P863,0,0,1,-1
P863,-1,0,0,0
P863,0,-1,1,0
P863,-1,0,0,1
P863,0,0,0,1
P864,-1,0,0,0
P864,1,1,-1,0
P864,0,0,-1,0
P864,0,0,-1,0
P864,0,0,0,1
P865,-1,0,0,-1
P865,0,-1,1,0
P865,-1,0,1,0
P865,1,0,0,1
P865,0,0,0,1
P866,1,1,1,0
P866,1,0,-1,0
P866,0,1,0,1
P866,0,0,-1,-1
P866,0,0,0,1
P867,1,-1,0,-1
P867,0,-1,0,0
P867,0,1,-1,1
P867,-1,0,0,0
P867,0,0,0,1
P868,1,1,0,0
P868,1,0,1,0
P868,0,0,-1,0
P868,1,1,-1,0
P868,0,0,0,1
P869,0,1,0,1
P869,1,-1,0,0
P869,1,1,0,-1
P869,0,0,0,1
P869,0,0,0,1
P870,0,0,1,0
P870,1,1,1,1
P870,1,-1,0,0
P870,-1,-1,0,1
P870,0,0,0,1
P871,-1,0,1,1
P871,0,0,0,-1
P871,0,0,1,1
P871,-1,1,-1,0
P871,0,0,0,1
P872,1,0,0,1
P872,0,0,0,-1
P872,0,-1,1,1
P872,0,0,-1,0
P872,0,0,0,1
P873,1,0,-1,0
P873,0,-1,1,1
P873,0,1,0,0
P873,1,-1,-1,0
P873,0,0,0,1
P874,0,0,1,0
P874,1,0,1,-1
P874,1,0,0,-1
P874,0,0,0,1
P874,0,0,0,1
P875,0,-1,-1,0
P875,0,1,0,0
P875,-1,1,0,1
P875,0,0,1,1
P875,0,0,0,1
P876,0,0,-1,1
P876,1,0,0,1
P876,0,-1,0,0
P876,0,0,1,0
P876,0,0,0,1
P877,0,0,0,1
P877,0,0,-1,-1
P877,1,-1,0,1
P877,-1,1,0,1
P877,0,0,0,1
P878,1,0,0,-1
P878,0,-1,0,1
P878,1,0,0,0
P878,1,0,1,0
P878,0,0,0,1
P879,-1,0,1,0
P879,0,1,0,0
P879,-1,-1,0,-1
P879,0,-1,-1,1
P879,0,0,0,1
P880,0,0,-1,0
P880,-1,0,0,-1
P880,0,0,0,-1
P880,-1,0,0,1
P880,0,0,0,1
P881,0,0,0,1
P881,1,1,0,0
P881,1,0,0,0
P881,1,1,1,0
P881,0,0,0,1
P882,1,0,-1,1
P882,0,1,0,0
P882,-1,0,1,0
P882,0,-1,0,-1
P882,0,0,0,1
P883,0,0,0,1
P883,1,0,0,1
P883,0,0,0,-1
P883,0,0,1,0
P883,0,0,0,0
P884,1,0,0,0
P884,1,0,0,0
P884,1,1,0,0
P884,0,-1,0,-1
P884,0,0,0,1
P885,0,-1,0,0
P885,0,0,-1,1
P885,1,0,-1,0
P885,1,0,1,0
P885,0,0,0,1
P886,1,1,0,0
P886,0,1,-1,1
P886,0,1,1,0
P886,0,-1,1,-1
P886,0,0,0,1
P887,-1,0,0,-1
P887,0,0,0,1
P887,1,0,0,0
P887,-1,-1,1,0
P887,0,0,0,1
P888,-1,1,0,1
P888,0,-1,1,1
P888,1,1,0,0
P888,0,0,0,1
P888,0,0,0,1
P889,0,0,-1,0
P889,1,1,1,0
P889,0,0,0,1
P889,-1,0,1,-1
P889,0,0,0,1
P890,1,0,1,0
P890,-1,0,1,0
P890,-1,0,1,1
P890,-1,1,0,1
P890,0,0,0,1
P891,-1,1,0,-1
P891,0,1,1,0
P891,1,0,0,0
P891,-1,1,-1,0
P891,0,0,0,1
P892,1,-1,0,1
P892,0,-1,-1,0
P892,1,1,0,0
P892,1,0,-1,0
P892,0,0,0,1
P893,1,1,0,0
P893,1,0,1,1
P893,1,-1,0,0
P893,0,0,-1,1
P893,0,0,0,1
P894,0,0,0,-1
P894,1,0,1,0
P894,0,0,-1,1
P894,-1,-1,0,0
P894,0,0,0,1
P895,1,-1,0,0
P895,0,1,0,1
P895,1,0,0,0
P895,0,-1,1,-1
P895,0,0,0,1
P896,0,0,0,-1
P896,0,-1,0,-1
P896,0,0,-1,1
P896,-1,1,0,0
P896,0,0,0,1
P897,0,0,1,0
P897,1,1,0,-1
P897,-1,0,0,-1
P897,1,0,0,0
P897,0,0,0,1
P898,-1,-1,0,1
P898,0,0,-1,0
P898,-1,1,1,0
P898,1,1,0,0
P898,0,0,0,1
P899,1,0,1,0
P899,0,0,-1,0
P899,0,0,0,1
P899,0,-1,0,1
P899,0,0,0,1
P900,1,0,0,0
P900,-1,1,0,0
P900,1,-1,-1,0
P900,0,0,-1,0
P900,0,0,0,1
P901,1,0,0,1
P901,0,0,0,-1
P901,-1,-1,0,1
P901,0,1,0,-1
P901,0,0,0,1
P902,-1,1,1,0
P902,-1,0,0,1
P902,-1,0,0,1
P902,-1,1,0,1
P902,0,0,0,1
P903,1,0,1,1
P903,0,1,0,1
P903,-1,0,0,-1
P903,0,0,0,-1
P903,0,0,0,1
P904,-1,-1,1,1
P904,0,0,-1,1
P904,-1,-1,1,0
P904,0,1,0,0
P904,0,0,0,1
P905,0,0,-1,0
P905,0,0,0,1
P905,1,0,1,-1
P905,1,-1,-1,0
P905,0,0,0,1
P906,0,1,1,0
P906,0,-1,1,1
P906,-1,-1,1,-1
P906,0,1,1,0
P906,0,0,0,1
P907,-1,-1,1,0
P907,1,0,-1,1
P907,0,0,-1,0
P907,0,-1,1,1
P907,0,0,0,1
P908,-1,-1,0,0
P908,0,0,1,0
P908,0,-1,0,0
P908,0,1,0,-1
P908,0,0,0,1
P909,-1,0,0,-1
P909,0,1,0,0
P909,-1,0,0,0
P909,0,0,1,0
P909,0,0,0,1
P910,0,1,0,0
P910,-1,1,-1,-1
P910,1,1,0,1
P910,0,1,-1,1
P910,0,0,0,1
P911,0,-1,0,0
P911,-1,1,0,0
P911,0,-1,0,0
P911,0,1,0,0
P911,0,0,0,0
P912,0,0,-1,1
P912,0,1,0,0
P912,1,0,0,0
P912,0,0,-1,0
P912,0,0,0,1
P913,0,0,-1,0
P913,-1,1,0,0
P913,0,0,0,-1
P913,1,0,0,-1
P913,0,0,0,1
P914,1,0,0,1
P914,1,-1,0,-1
P914,0,-1,0,0
P914,0,1,0,0
P914,0,0,0,0
P915,1,0,-1,0
P915,0,0,0,1
P915,1,0,0,1
P915,0,1,0,0
P915,0,0,0,1
P916,0,0,0,-1
P916,0,-1,0,1
P916,-1,1,0,-1
P916,1,-1,0,0
P916,0,0,0,1
P917,0,1,-1,0
P917,0,0,1,0
P917,1,0,0,0
P917,0,-1,1,1
P917,0,0,0,1
P918,0,0,1,0
P918,0,0,1,0
P918,-1,0,0,0
P918,0,0,0,-1
P918,0,0,0,1
P919,1,1,0,-1
P919,0,0,1,0
P919,-1,0,1,1
P919,0,0,0,1
P919,0,0,0,1
P920,1,0,1,0
P920,0,0,1,0
P920,1,0,0,1
P920,0,1,1,-1
P920,0,0,0,1
P921,1,1,0,0
P921,1,0,-1,1
P921,0,-1,1,1
P921,0,1,0,0
P921,0,0,0,1
P922,1,0,1,0
P922,-1,1,1,0
P922,-1,0,1,-1
P922,0,0,0,1
P922,0,0,0,1
P923,0,0,0,-1
P923,0,0,0,1
P923,0,-1,1,-1
P923,1,1,0,0
P923,0,0,0,1
P924,0,0,0,1
P924,1,-1,0,0
P924,0,0,0,-1
P924,0,0,1,1
P924,0,0,0,1
P925,1,1,1,-1
P925,1,1,-1,0
P925,1,0,0,0
P925,-1,0,0,0
P925,0,0,0,0
P926,0,1,-1,-1
P926,-1,0,0,0
P926,1,-1,0,-1
P926,0,0,1,0
P926,0,0,0,1
P927,1,1,0,-1
P927,1,0,0,1
P927,0,0,1,0
P927,0,1,0,0
P927,0,0,0,1
P928,-1,-1,-1,0
P928,0,-1,0,-1
P928,1,-1,1,1
P928,1,0,0,0
P928,0,0,0,1
P929,-1,0,1,1
P929,1,-1,1,0
P929,1,0,1,1
P929,0,-1,0,-1
P929,0,0,0,1
P930,0,0,0,-1
P930,-1,-1,0,1
P930,1,0,0,1
P930,1,0,0,0
P930,0,0,0,1
P931,1,-1,-1,0
P931,-1,0,0,0
P931,0,1,0,0
P931,0,0,1,0
P931,0,0,0,0
P932,-1,-1,0,1
P932,0,0,-1,0
P932,1,-1,-1,0
P932,0,1,0,-1
P932,0,0,0,1
P933,0,1,0,1
P933,-1,0,0,0
P933,-1,-1,0,0
P933,-1,0,1,0
P933,0,0,0,1
P934,1,-1,0,0
P934,0,0,1,1
P934,1,0,0,0
P934,-1,0,1,1
P934,0,0,0,1
P935,1,-1,1,0
P935,0,0,0,1
P935,0,0,0,-1
P935,0,0,0,-1
P935,0,0,0,0
P936,-1,0,0,1
P936,0,0,-1,1
P936,1,1,0,0
P936,-1,0,1,0
P936,0,0,0,1
P937,0,-1,-1,0
P937,0,0,-1,0
P937,0,1,0,0
P937,-1,0,0,-1
P937,0,0,0,1
P938,-1,1,0,0
P938,0,1,0,0
P938,0,0,1,1
P938,-1,0,0,0
P938,0,0,0,1
P939,0,1,1,0
P939,0,0,-1,0
P939,1,0,-1,1
P939,0,1,0,1
P939,0,0,0,1
P940,0,0,1,-1
P940,0,1,1,0
P940,0,0,1,0
P940,0,0,1,-1
P940,0,0,0,1
P941,-1,1,0,0
P941,-1,0,0,0
P941,0,1,0,0
P941,-1,0,0,-1
P941,0,0,0,1
P942,1,0,-1,0
P942,0,1,0,-1
P942,0,1,1,1
P942,0,1,1,0
P942,0,0,0,1
P943,1,0,1,0
P943,-1,0,-1,0
P943,0,1,1,0
P943,-1,0,-1,-1
P943,0,0,0,1
P944,1,-1,1,0
P944,0,-1,1,0
P944,1,0,0,0
P944,0,0,-1,-1
P944,0,0,0,1
P945,1,1,0,0
P945,-1,0,0,1
P945,0,1,1,0
P945,0,0,0,1
P945,0,0,0,1
P946,0,-1,0,-1
P946,0,0,0,-1
P946,1,0,1,0
P946,0,0,1,0
P946,0,0,0,1
P947,-1,0,0,1
P947,0,0,1,0
P947,1,-1,0,1
P947,0,0,-1,-1
P947,0,0,0,1
P948,1,0,1,0
P948,1,0,0,0
P948,0,-1,0,0
P948,1,-1,0,-1
P948,0,0,0,1
P949,0,0,-1,0
P949,0,0,0,1
P949,0,0,1,0
P949,0,-1,0,1
P949,0,0,0,0
P950,0,0,0,1
P950,0,-1,0,1
P950,-1,0,-1,1
P950,-1,1,1,0
P950,0,0,0,1
P951,0,-1,1,0
P951,-1,-1,1,0
P951,1,1,0,1
P951,0,-1,0,-1
P951,0,0,0,1
P952,0,1,0,-1
P952,0,1,1,1
P952,1,0,1,-1
P952,0,1,-1,0
P952,0,0,0,1
P953,1,0,0,1
P953,0,0,1,0
P953,1,1,-1,1
P953,1,1,0,0
P953,0,0,0,1
P954,0,0,0,1
P954,-1,0,1,-1
P954,0,-1,-1,-1
P954,0,-1,0,0
P954,0,0,0,1
P955,1,-1,0,-1
P955,0,-1,1,0
P955,-1,0,1,1
P955,1,1,0,0
P955,0,0,0,1
P956,1,1,-1,0
P956,0,0,1,0
P956,-1,-1,1,1
P956,-1,0,0,-1
P956,0,0,0,1
P957,0,0,-1,-1
P957,1,0,0,-1
P957,0,0,1,1
P957,1,-1,1,0
P957,0,0,0,1
P958,0,0,1,-1
P958,0,1,1,1
P958,0,-1,1,0
P958,-1,0,0,0
P958,0,0,0,1
P959,-1,1,0,0
P959,1,0,0,-1
P959,0,-1,-1,1
P959,-1,1,1,0
P959,0,0,0,1
P960,0,-1,0,0
P960,0,0,0,1
P960,-1,0,1,0
P960,-1,0,0,1
P960,0,0,0,1
P961,0,0,0,1
P961,1,1,0,1
P961,0,-1,1,-1
P961,0,-1,0,0
P961,0,0,0,1
P962,1,-1,0,0
P962,1,0,0,1
P962,-1,0,1,-1
P962,0,1,1,0
P962,0,0,0,1
P963,0,0,1,-1
P963,-1,0,0,0
P963,1,0,0,0
P963,1,0,0,-1
P963,0,0,0,0
P964,-1,1,0,0
P964,1,1,-1,0
P964,1,0,0,1
P964,0,0,1,1
P964,0,0,0,1
P965,-1,0,0,0
P965,0,1,1,0
P965,0,0,1,1
P965,0,1,1,1
P965,0,0,0,1
P966,0,1,-1,0
P966,0,0,0,1
P966,1,0,-1,0
P966,0,-1,0,-1
P966,0,0,0,1
P967,1,0,-1,0
P967,1,0,0,1
P967,1,-1,0,0
P967,1,1,1,0
P967,0,0,0,1
P968,0,1,0,0
P968,0,0,1,1
P968,1,-1,0,0
P968,0,-1,0,-1
P968,0,0,0,1
P969,0,0,0,1
P969,-1,0,-1,1
P969,0,0,0,-1
P969,-1,1,1,1
P969,0,0,0,0
P970,0,1,1,0
P970,0,0,1,0
P970,1,-1,-1,1
P970,0,-1,0,0
P970,0,0,0,1
P971,1,1,1,1
P971,1,0,0,-1
P971,0,0,1,1
P971,0,1,0,0
P971,0,0,0,1
P972,0,-1,0,-1
P972,1,0,0,0
P972,0,1,0,0
P972,0,-1,0,0
P972,0,0,0,0
P973,0,-1,0,-1
P973,0,1,0,0
P973,0,1,1,0
P973,1,1,1,0
P973,0,0,0,1
P974,0,0,0,-1
P974,1,-1,0,-1
P974,0,1,0,0
P974,0,0,-1,-1
P974,0,0,0,1
P975,0,-1,0,0
P975,-1,0,0,0
P975,-1,0,0,0
P975,1,0,0,0
P975,0,0,0,1
P976,-1,-1,0,0
P976,0,0,0,1
P976,0,-1,0,-1
P976,0,1,0,1
P976,0,0,0,1
P977,0,1,0,1
P977,1,1,0,0
P977,0,1,0,1
P977,-1,0,-1,-1
P977,0,0,0,1
P978,-1,0,-1,0
P978,1,-1,0,1
P978,1,0,1,0
P978,0,0,1,1
P978,0,0,0,1
P979,1,-1,0,-1
P979,0,-1,0,1
P979,0,0,0,1
P979,0,0,0,-1
P979,0,0,0,0
P980,-1,1,1,0
P980,0,1,1,0
P980,0,-1,1,-1
P980,0,1,0,0
P980,0,0,0,1
P981,1,0,0,0
P981,1,0,-1,-1
P981,0,0,1,1
P981,0,0,0,-1
P981,0,0,0,1
P982,-1,0,1,-1
P982,0,1,0,0
P982,0,-1,-1,0
P982,0,0,-1,0
P982,0,0,0,1
P983,0,0,-1,0
P983,0,0,1,-1
P983,-1,1,-1,1
P983,-1,0,-1,-1
P983,0,0,0,1
P984,1,1,0,-1
P984,0,1,1,-1
P984,-1,0,0,0
P984,0,0,1,0
P984,0,0,0,1
P985,-1,0,-1,-1
P985,-1,0,-1,1
P985,-1,0,0,0
P985,0,1,0,0
P985,0,0,0,1
P986,0,-1,-1,0
P986,0,1,0,0
P986,-1,0,-1,-1
P986,0,0,-1,0
P986,0,0,0,1
P987,0,1,-1,-1
P987,0,1,0,0
P987,-1,0,0,-1
P987,-1,0,0,-1
P987,0,0,0,1
P988,0,0,1,0
P988,0,-1,-1,1
P988,-1,0,-1,0
P988,1,0,1,0
P988,0,0,0,1
P989,0,0,-1,0
P989,0,-1,1,0
P989,0,1,-1,-1
P989,0,-1,1,0
P989,0,0,0,1
P990,0,0,1,0
P990,1,-1,-1,0
P990,1,0,0,1
P990,1,-1,0,-1
P990,0,0,0,1
P991,1,-1,1,-1
P991,0,0,1,-1
P991,1,0,-1,-1
P991,1,0,0,-1
P991,0,0,0,1
P992,-1,-1,0,1
P992,0,-1,1,0
P992,-1,0,0,1
P992,1,0,-1,-1
P992,0,0,0,1
P993,-1,0,-1,-1
P993,-1,0,-1,0
P993,1,0,0,1
P993,-1,0,1,0
P993,0,0,0,1
P994,-1,0,0,0
P994,0,0,0,-1
P994,0,-1,0,0
P994,-1,0,0,0
P994,0,0,0,1
P995,0,0,0,-1
P995,-1,0,1,-1
P995,0,0,0,-1
P995,0,0,-1,0
P995,0,0,0,1
P996,0,0,-1,1
P996,-1,1,1,0
P996,0,1,0,1
P996,1,-1,0,0
P996,0,0,0,1
P997,1,-1,0,0
P997,0,1,1,0
P997,1,-1,-1,0
P997,-1,1,1,0
P997,0,0,0,1
P998,0,1,0,0
P998,0,1,0,0
P998,-1,1,0,-1
P998,0,1,-1,1
P998,0,0,0,1
P999,0,0,1,0
P999,1,0,1,-1
P999,0,0,1,0
P999,-1,1,1,-1
P999,0,0,0,1
